,Open,High,Low,Close,Volume
2007-11-09 16:00:00-05:00,7.8,8.18,7.51,8.07,1072744
2007-11-12 16:00:00-05:00,8.0,8.08,7.91,8.06,196566
2007-11-13 16:00:00-05:00,8.02,8.32,8.02,8.32,64168
2007-11-14 16:00:00-05:00,8.32,8.32,8.26,8.3,386022
2007-11-15 16:00:00-05:00,8.3,8.31,8.14,8.2,53460
2007-11-16 16:00:00-05:00,8.16,8.25,8.15,8.24,26978
2007-11-19 16:00:00-05:00,8.18,8.22,8.16,8.16,4254
2007-11-20 16:00:00-05:00,8.18,8.18,8.08,8.12,29730
2007-11-21 16:00:00-05:00,8.13,8.13,8.02,8.03,10186
2007-11-23 16:00:00-05:00,8.05,8.06,8.0,8.04,10800
2007-11-26 16:00:00-05:00,8.05,8.08,8.02,8.05,15400
2007-11-27 16:00:00-05:00,8.05,8.12,8.0,8.04,43200
2007-11-28 16:00:00-05:00,8.09,8.12,8.05,8.05,18200
2007-11-29 16:00:00-05:00,8.1,8.15,8.08,8.15,27306
2007-11-30 16:00:00-05:00,8.22,8.25,8.16,8.25,8440
2007-12-03 16:00:00-05:00,8.25,8.25,8.2375,8.25,3202
2007-12-04 16:00:00-05:00,8.25,8.26,8.2,8.25,5800
2007-12-05 16:00:00-05:00,8.26,8.26,8.0,8.08,14198
2007-12-06 16:00:00-05:00,8.08,8.11,8.08,8.08,15150
2007-12-07 16:00:00-05:00,8.08,8.14,7.98,8.03,17200
2007-12-10 16:00:00-05:00,8.06,8.12,8.06,8.1,41370
2007-12-11 16:00:00-05:00,8.1,8.1,7.9,8.02,74130
2007-12-12 16:00:00-05:00,8.0,8.05,7.88,7.88,41000
2007-12-13 16:00:00-05:00,7.82,7.88,7.62,7.63,36424
2007-12-14 16:00:00-05:00,7.65,7.8,7.63,7.8,45112
2007-12-17 16:00:00-05:00,7.8,7.84,7.8,7.81,13112
2007-12-18 16:00:00-05:00,7.83,7.83,7.26,7.26,52018
2007-12-19 16:00:00-05:00,7.38,7.38,7.02,7.02,58762
2007-12-20 16:00:00-05:00,7.0,7.02,6.45,6.62,99854
2007-12-21 16:00:00-05:00,6.62,6.94,6.05,6.05,799304
2007-12-24 16:00:00-05:00,6.08,7.22,6.08,7.21,212530
2007-12-26 16:00:00-05:00,7.2,7.42,6.78,7.4,82170
2007-12-27 16:00:00-05:00,7.32,7.46,6.9,6.98,113116
2007-12-28 16:00:00-05:00,6.98,7.28,6.88,7.06,89006
2007-12-31 16:00:00-05:00,7.2181,7.39,6.95,7.2,109978
2008-01-02 16:00:00-05:00,7.14,7.24,6.87,6.88,43136
2008-01-03 16:00:00-05:00,6.88,6.9,6.15,6.32,194352
2008-01-04 16:00:00-05:00,6.2,6.32,5.39,5.5,217242
2008-01-07 16:00:00-05:00,5.53,5.9,5.5,5.7,140904
2008-01-08 16:00:00-05:00,5.7,5.85,5.53,5.56,114952
2008-01-09 16:00:00-05:00,5.57,5.84,5.55,5.64,82520
2008-01-10 16:00:00-05:00,5.64,5.7,5.35,5.6,372812
2008-01-11 16:00:00-05:00,5.5,5.5,5.36,5.38,31324
2008-01-14 16:00:00-05:00,5.38,5.72,5.38,5.5,61866
2008-01-15 16:00:00-05:00,5.5,5.52,5.05,5.29,52926
2008-01-16 16:00:00-05:00,5.28,5.4,5.28,5.35,225776
2008-01-17 16:00:00-05:00,5.38,6.0,5.34,5.4,23768
2008-01-18 16:00:00-05:00,5.35,5.62,5.35,5.48,29340
2008-01-22 16:00:00-05:00,5.92,5.95,5.3,5.52,78536
2008-01-23 16:00:00-05:00,5.48,5.61,5.31,5.34,78100
2008-01-24 16:00:00-05:00,5.35,5.35,5.24,5.32,136102
2008-01-25 16:00:00-05:00,5.32,5.35,5.22,5.24,32658
2008-01-28 16:00:00-05:00,5.12,5.625,5.112,5.275,59476
2008-01-29 16:00:00-05:00,5.25,5.28,5.22,5.28,11032
2008-01-30 16:00:00-05:00,5.325,5.37,5.175,5.175,289946
2008-01-31 16:00:00-05:00,5.12,5.12,4.81,4.9,56008
2008-02-01 16:00:00-05:00,5.02,5.16,4.88,4.9,668652
2008-02-04 16:00:00-05:00,4.9,5.32,4.9,5.09,242296
2008-02-05 16:00:00-05:00,5.14,5.27,4.92,4.93,80662
2008-02-06 16:00:00-05:00,4.96,5.02,4.9,4.92,59572
2008-02-07 16:00:00-05:00,4.93,5.09,4.93,4.99,59792
2008-02-08 16:00:00-05:00,5.0,5.025,4.91,5.018,35764
2008-02-11 16:00:00-05:00,5.02,5.02,4.85,4.92,23174
2008-02-12 16:00:00-05:00,5.04,5.04,4.95,4.99,63714
2008-02-13 16:00:00-05:00,5.02,5.27,4.96,5.0,102264
2008-02-14 16:00:00-05:00,5.0,5.0,4.88,4.88,31796
2008-02-15 16:00:00-05:00,4.88,4.88,4.44,4.54,354062
2008-02-19 16:00:00-05:00,4.62,4.75,4.42,4.46,132136
2008-02-20 16:00:00-05:00,4.5,4.6,4.5,4.6,99054
2008-02-21 16:00:00-05:00,4.68,4.86,4.62,4.64,22270
2008-02-22 16:00:00-05:00,4.62,4.68,4.5,4.52,21754
2008-02-25 16:00:00-05:00,4.94,4.94,4.54,4.64,24624
2008-02-26 16:00:00-05:00,4.75,4.75,4.5,4.57,20446
2008-02-27 16:00:00-05:00,4.5,4.72,4.5,4.54,70758
2008-02-28 16:00:00-05:00,4.66,4.66,4.35,4.41,65270
2008-02-29 16:00:00-05:00,4.4,4.5,4.18,4.33,72526
2008-03-03 16:00:00-05:00,4.3,4.32,4.02,4.06,57874
2008-03-04 16:00:00-05:00,4.09,4.14,3.98,4.0,68656
2008-03-05 16:00:00-05:00,4.01,4.128,3.96,3.985,84208
2008-03-06 16:00:00-05:00,4.0,4.0,3.75,3.76,116654
2008-03-07 16:00:00-05:00,3.955,4.455,3.851,4.325,117044
2008-03-10 16:00:00-04:00,4.5,4.765,4.42,4.48,88484
2008-03-11 16:00:00-04:00,4.61,5.04,4.56,5.04,29358
2008-03-12 16:00:00-04:00,5.24,5.28,4.82,5.28,68880
2008-03-13 16:00:00-04:00,5.33,5.42,5.3,5.4,53420
2008-03-14 16:00:00-04:00,5.44,5.44,5.21,5.26,35886
2008-03-17 16:00:00-04:00,5.36,5.36,4.55,4.71,18270
2008-03-18 16:00:00-04:00,4.64,4.75,4.64,4.75,25064
2008-03-19 16:00:00-04:00,4.88,5.09,4.65,4.65,49244
2008-03-20 16:00:00-04:00,4.64,4.64,4.16,4.52,163000
2008-03-24 16:00:00-04:00,4.61,4.67,4.5,4.58,58332
2008-03-25 16:00:00-04:00,4.55,4.62,4.55,4.58,24770
2008-03-26 16:00:00-04:00,4.56,4.62,4.54,4.58,20696
2008-03-27 16:00:00-04:00,4.63,4.63,4.34,4.38,18158
2008-03-28 16:00:00-04:00,4.38,4.64,4.38,4.44,11094
2008-03-31 16:00:00-04:00,4.74,4.74,4.555,4.635,16370
2008-04-01 16:00:00-04:00,4.75,4.75,4.62,4.74,27518
2008-04-02 16:00:00-04:00,4.75,4.75,4.61,4.7,13950
2008-04-03 16:00:00-04:00,4.65,4.72,4.56,4.7,22320
2008-04-04 16:00:00-04:00,4.71,4.73,4.6,4.72,56664
2008-04-07 16:00:00-04:00,4.86,4.86,4.62,4.62,271260
2008-04-08 16:00:00-04:00,4.68,4.68,4.63,4.64,18120
2008-04-09 16:00:00-04:00,4.63,4.64,4.6,4.62,25894
2008-04-10 16:00:00-04:00,4.62,4.89,4.58,4.89,16214
2008-04-11 16:00:00-04:00,4.82,4.82,4.62,4.64,44494
2008-04-14 16:00:00-04:00,4.71,4.77,4.68,4.69,60196
2008-04-15 16:00:00-04:00,4.74,4.75,4.58,4.64,131308
2008-04-16 16:00:00-04:00,4.69,4.75,4.63,4.71,26606
2008-04-17 16:00:00-04:00,4.66,4.7,4.62,4.66,13610
2008-04-18 16:00:00-04:00,4.68,5.04,4.68,5.03,289446
2008-04-21 16:00:00-04:00,5.05,5.14,4.93,4.96,44806
2008-04-22 16:00:00-04:00,4.85,5.02,4.8,4.86,19872
2008-04-23 16:00:00-04:00,4.88,5.0,4.82,4.9,2362
2008-04-24 16:00:00-04:00,4.8,5.0,4.8,5.0,5390
2008-04-25 16:00:00-04:00,5.0,5.1,5.0,5.1,32236
2008-04-28 16:00:00-04:00,5.1,5.1,4.98,5.06,23928
2008-04-29 16:00:00-04:00,5.1,5.18,4.83,4.83,15388
2008-04-30 16:00:00-04:00,4.764,4.83,4.76,4.805,6458
2008-05-01 16:00:00-04:00,4.81,4.92,4.75,4.85,7474
2008-05-02 16:00:00-04:00,4.97,4.97,4.75,4.82,13458
2008-05-05 16:00:00-04:00,4.82,4.88,4.76,4.8,70794
2008-05-06 16:00:00-04:00,4.8,4.85,4.48,4.52,379338
2008-05-07 16:00:00-04:00,4.53,4.56,4.33,4.35,39208
2008-05-08 16:00:00-04:00,4.47,4.87,4.47,4.62,128966
2008-05-09 16:00:00-04:00,4.66,4.81,4.66,4.77,170868
2008-05-12 16:00:00-04:00,4.72,4.8,4.7,4.75,51608
2008-05-13 16:00:00-04:00,4.74,4.86,4.6,4.68,70656
2008-05-14 16:00:00-04:00,4.65,5.0,4.65,4.84,27712
2008-05-15 16:00:00-04:00,4.76,4.88,4.74,4.87,12592
2008-05-16 16:00:00-04:00,4.92,4.95,4.7,4.76,31458
2008-05-19 16:00:00-04:00,4.82,4.98,4.77,4.8,26992
2008-05-20 16:00:00-04:00,4.8,4.88,4.79,4.83,27962
2008-05-21 16:00:00-04:00,4.88,4.94,4.79,4.92,49444
2008-05-22 16:00:00-04:00,4.97,5.24,4.94,5.24,36002
2008-05-23 16:00:00-04:00,5.16,5.28,5.0,5.08,62702
2008-05-27 16:00:00-04:00,5.08,5.44,5.08,5.31,40574
2008-05-28 16:00:00-04:00,5.34,5.38,5.25,5.38,44892
2008-05-29 16:00:00-04:00,5.35,5.42,5.2,5.3,51266
2008-05-30 16:00:00-04:00,5.37,5.45,5.2,5.2,199012
2008-06-02 16:00:00-04:00,5.28,5.45,5.26,5.44,57040
2008-06-03 16:00:00-04:00,5.32,5.5,5.32,5.5,44524
2008-06-04 16:00:00-04:00,5.38,5.6,5.32,5.55,38344
2008-06-05 16:00:00-04:00,5.52,5.68,5.5,5.68,55650
2008-06-06 16:00:00-04:00,5.66,5.72,5.6,5.62,31128
2008-06-09 16:00:00-04:00,5.67,5.76,5.62,5.72,36488
2008-06-10 16:00:00-04:00,5.72,5.92,5.62,5.92,46370
2008-06-11 16:00:00-04:00,5.94,5.97,5.78,5.82,108216
2008-06-12 16:00:00-04:00,5.92,5.92,5.8,5.828,53184
2008-06-13 16:00:00-04:00,5.88,5.88,5.76,5.84,84428
2008-06-16 16:00:00-04:00,5.96,6.12,5.87,6.08,85416
2008-06-17 16:00:00-04:00,6.122,6.125,5.925,5.925,35370
2008-06-18 16:00:00-04:00,5.88,5.93,5.78,5.8,65872
2008-06-19 16:00:00-04:00,5.82,5.82,5.55,5.72,148160
2008-06-20 16:00:00-04:00,5.76,5.86,5.62,5.68,56440
2008-06-23 16:00:00-04:00,5.77,5.77,5.54,5.56,49266
2008-06-24 16:00:00-04:00,5.55,5.7,5.55,5.66,67404
2008-06-25 16:00:00-04:00,5.62,5.68,5.55,5.6,46534
2008-06-26 16:00:00-04:00,5.55,5.56,5.5,5.52,99586
2008-06-27 16:00:00-04:00,5.5,5.8,5.5,5.74,877674
2008-06-30 16:00:00-04:00,5.78,5.8,5.61,5.75,119652
2008-07-01 16:00:00-04:00,5.7,5.82,5.53,5.82,64400
2008-07-02 16:00:00-04:00,5.8,5.85,5.52,5.58,31818
2008-07-03 16:00:00-04:00,5.58,5.8,5.55,5.64,22308
2008-07-07 16:00:00-04:00,5.75,5.75,5.32,5.57,48632
2008-07-08 16:00:00-04:00,5.57,5.88,5.32,5.86,115290
2008-07-09 16:00:00-04:00,5.832,5.95,5.655,5.66,57326
2008-07-10 16:00:00-04:00,5.68,5.86,5.64,5.77,20814
2008-07-11 16:00:00-04:00,5.77,5.89,5.66,5.82,35504
2008-07-14 16:00:00-04:00,5.85,5.85,5.53,5.59,71830
2008-07-15 16:00:00-04:00,5.52,5.79,5.23,5.69,71138
2008-07-16 16:00:00-04:00,5.69,5.86,5.63,5.79,47242
2008-07-17 16:00:00-04:00,5.8,5.845,5.71,5.81,23632
2008-07-18 16:00:00-04:00,5.8,5.86,5.72,5.76,31794
2008-07-21 16:00:00-04:00,5.76,5.88,5.64,5.88,27634
2008-07-22 16:00:00-04:00,5.86,6.0,5.78,6.0,27412
2008-07-23 16:00:00-04:00,6.0,6.0,5.94,5.98,17568
2008-07-24 16:00:00-04:00,6.0,6.125,5.985,6.125,32554
2008-07-25 16:00:00-04:00,6.205,6.385,6.107,6.35,51574
2008-07-28 16:00:00-04:00,6.3,6.4,6.27,6.32,61780
2008-07-29 16:00:00-04:00,6.35,6.47,6.29,6.46,64516
2008-07-30 16:00:00-04:00,6.47,6.54,6.45,6.5,60272
2008-07-31 16:00:00-04:00,6.37,6.5,5.98,6.0,124750
2008-08-01 16:00:00-04:00,6.02,6.52,6.02,6.47,42158
2008-08-04 16:00:00-04:00,6.45,6.45,6.13,6.3,35062
2008-08-05 16:00:00-04:00,6.38,6.54,6.25,6.51,275502
2008-08-06 16:00:00-04:00,6.452,6.55,6.4,6.55,174766
2008-08-07 16:00:00-04:00,6.72,7.62,6.58,7.52,250800
2008-08-08 16:00:00-04:00,7.5,7.8,7.4,7.5,261356
2008-08-11 16:00:00-04:00,7.62,7.72,7.5,7.67,311266
2008-08-12 16:00:00-04:00,7.62,8.24,7.56,8.02,150482
2008-08-13 16:00:00-04:00,8.135,8.372,7.915,8.35,100344
2008-08-14 16:00:00-04:00,8.34,8.37,8.08,8.32,109274
2008-08-15 16:00:00-04:00,8.375,8.43,8.085,8.21,159434
2008-08-18 16:00:00-04:00,8.21,8.44,8.08,8.16,77822
2008-08-19 16:00:00-04:00,8.08,8.13,7.58,7.62,75444
2008-08-20 16:00:00-04:00,7.6,7.74,7.42,7.52,82782
2008-08-21 16:00:00-04:00,7.44,7.812,7.44,7.775,77428
2008-08-22 16:00:00-04:00,7.67,8.1,7.67,7.95,75606
2008-08-25 16:00:00-04:00,8.03,8.2,7.92,7.94,108076
2008-08-26 16:00:00-04:00,7.9,8.1,7.6,8.1,82640
2008-08-27 16:00:00-04:00,8.04,8.25,7.78,8.02,140524
2008-08-28 16:00:00-04:00,8.1,8.44,8.06,8.4,134306
2008-08-29 16:00:00-04:00,8.44,8.44,8.3,8.32,86292
2008-09-02 16:00:00-04:00,8.42,8.42,8.3,8.38,125836
2008-09-03 16:00:00-04:00,8.32,8.39,8.3,8.38,187556
2008-09-04 16:00:00-04:00,8.35,8.4,8.33,8.35,119104
2008-09-05 16:00:00-04:00,8.32,8.38,8.0,8.14,119730
2008-09-08 16:00:00-04:00,8.33,8.375,8.132,8.35,141766
2008-09-09 16:00:00-04:00,8.38,8.5,8.28,8.3,160564
2008-09-10 16:00:00-04:00,8.38,8.46,8.1,8.44,107670
2008-09-11 16:00:00-04:00,8.17,8.46,8.17,8.43,110612
2008-09-12 16:00:00-04:00,8.43,8.5,8.21,8.46,184978
2008-09-15 16:00:00-04:00,8.37,8.45,8.2,8.2,88310
2008-09-16 16:00:00-04:00,8.02,8.28,7.75,8.22,130102
2008-09-17 16:00:00-04:00,8.13,8.26,7.98,7.98,83546
2008-09-18 16:00:00-04:00,8.12,8.5,7.96,8.4,191134
2008-09-19 16:00:00-04:00,8.55,9.18,8.55,9.18,613164
2008-09-22 16:00:00-04:00,9.0,9.2,8.3,8.5,461846
2008-09-23 16:00:00-04:00,8.495,8.51,7.25,7.905,375054
2008-09-24 16:00:00-04:00,7.94,7.98,7.4,7.42,123266
2008-09-25 16:00:00-04:00,7.38,7.94,6.96,7.85,502788
2008-09-26 16:00:00-04:00,7.56,8.47,7.55,8.47,246862
2008-09-29 16:00:00-04:00,8.5,8.92,7.94,8.02,399826
2008-09-30 16:00:00-04:00,8.08,8.58,7.62,8.54,189276
2008-10-01 16:00:00-04:00,8.52,8.75,8.28,8.63,169762
2008-10-02 16:00:00-04:00,8.6,8.68,7.72,7.77,119620
2008-10-03 16:00:00-04:00,7.81,8.265,7.52,7.925,117624
2008-10-06 16:00:00-04:00,7.74,7.75,7.22,7.48,150726
2008-10-07 16:00:00-04:00,8.16,8.16,6.67,6.91,142664
2008-10-08 16:00:00-04:00,6.76,7.32,6.75,7.13,182044
2008-10-09 16:00:00-04:00,7.25,7.4,6.83,6.9,210146
2008-10-10 16:00:00-04:00,6.76,7.08,5.64,6.58,163486
2008-10-13 16:00:00-04:00,6.795,7.7,6.685,7.565,110636
2008-10-14 16:00:00-04:00,7.72,7.88,7.09,7.4,67786
2008-10-15 16:00:00-04:00,7.32,7.51,7.08,7.14,152338
2008-10-16 16:00:00-04:00,7.16,7.34,6.42,7.15,111420
2008-10-17 16:00:00-04:00,6.965,7.62,6.605,7.53,223382
2008-10-20 16:00:00-04:00,7.6,8.0,7.3,7.98,336736
2008-10-21 16:00:00-04:00,7.9,8.32,7.72,8.28,378728
2008-10-22 16:00:00-04:00,8.14,8.62,7.98,8.3,418316
2008-10-23 16:00:00-04:00,8.34,8.54,7.51,8.49,403778
2008-10-24 16:00:00-04:00,7.98,8.26,7.1,7.82,177402
2008-10-27 16:00:00-04:00,7.71,7.94,6.67,6.8,214674
2008-10-28 16:00:00-04:00,6.92,7.32,6.5888,6.965,248566
2008-10-29 16:00:00-04:00,7.0,7.64,7.0,7.44,163198
2008-10-30 16:00:00-04:00,7.6,8.1,7.41,7.9,210518
2008-10-31 16:00:00-04:00,7.78,8.2,7.37,8.2,286012
2008-11-03 16:00:00-05:00,8.36,9.62,8.29,9.15,1073226
2008-11-04 16:00:00-05:00,9.61,9.61,8.436,8.645,854888
2008-11-05 16:00:00-05:00,8.5,8.5,7.56,7.96,792052
2008-11-06 16:00:00-05:00,7.83,7.98,7.06,7.07,300814
2008-11-07 16:00:00-05:00,7.14,7.66,7.14,7.56,399938
2008-11-10 16:00:00-05:00,7.72,7.74,7.22,7.29,257698
2008-11-11 16:00:00-05:00,7.14,7.47,6.86,6.96,204382
2008-11-12 16:00:00-05:00,6.85,7.08,6.66,6.67,130048
2008-11-13 16:00:00-05:00,6.715,7.115,6.1562,7.1,327170
2008-11-14 16:00:00-05:00,7.24,7.72,7.05,7.05,427402
2008-11-17 16:00:00-05:00,7.22,7.56,7.0,7.38,310194
2008-11-18 16:00:00-05:00,7.42,7.59,6.46,6.82,326560
2008-11-19 16:00:00-05:00,6.81,7.14,6.26,6.44,234532
2008-11-20 16:00:00-05:00,6.36,6.54,5.86,6.26,352736
2008-11-21 16:00:00-05:00,6.34,6.82,5.99,6.76,221554
2008-11-24 16:00:00-05:00,6.85,7.0,6.6,6.72,176458
2008-11-25 16:00:00-05:00,6.785,6.875,6.355,6.59,371232
2008-11-26 16:00:00-05:00,6.52,7.19,6.52,7.19,192684
2008-11-28 16:00:00-05:00,7.14,7.61,7.04,7.31,78206
2008-12-01 16:00:00-05:00,7.13,7.84,7.08,7.76,292030
2008-12-02 16:00:00-05:00,7.85,8.59,7.68,8.55,576312
2008-12-03 16:00:00-05:00,8.345,8.9366,8.005,8.48,347180
2008-12-04 16:00:00-05:00,8.18,8.58,7.95,8.08,122590
2008-12-05 16:00:00-05:00,8.05,8.5,7.62,8.48,238478
2008-12-08 16:00:00-05:00,8.62,8.73,8.271,8.57,267204
2008-12-09 16:00:00-05:00,8.47,8.7,8.2,8.4,246428
2008-12-10 16:00:00-05:00,8.5,8.7,7.8,7.96,240668
2008-12-11 16:00:00-05:00,7.88,8.14,7.28,7.63,297962
2008-12-12 16:00:00-05:00,7.39,7.91,7.0475,7.815,148248
2008-12-15 16:00:00-05:00,7.84,7.96,7.46,7.8,130350
2008-12-16 16:00:00-05:00,7.9,8.33,7.68,8.32,157906
2008-12-17 16:00:00-05:00,8.22,8.3,7.95,8.04,133314
2008-12-18 16:00:00-05:00,7.48,7.635,6.74,6.875,632764
2008-12-19 16:00:00-05:00,7.03,8.21,7.03,8.2,469874
2008-12-22 16:00:00-05:00,8.18,8.2,7.61,7.92,228280
2008-12-23 16:00:00-05:00,7.96,8.19,7.88,8.16,173180
2008-12-24 16:00:00-05:00,8.19,8.19,7.7,7.78,43874
2008-12-26 16:00:00-05:00,8.09,8.38,7.91,8.24,104156
2008-12-29 16:00:00-05:00,8.21,8.695,8.145,8.65,150610
2008-12-30 16:00:00-05:00,8.75,8.75,8.24,8.55,218804
2008-12-31 16:00:00-05:00,8.54,8.67,8.31,8.37,175310
2009-01-02 16:00:00-05:00,8.48,8.72,8.29,8.6,216234
2009-01-05 16:00:00-05:00,8.5,8.8714,8.45,8.615,247660
2009-01-06 16:00:00-05:00,8.71,9.17,8.55,9.16,547688
2009-01-07 16:00:00-05:00,9.06,9.25,9.06,9.21,349614
2009-01-08 16:00:00-05:00,9.22,9.35,9.04,9.28,341558
2009-01-09 16:00:00-05:00,9.285,9.3,8.38,8.43,230552
2009-01-12 16:00:00-05:00,8.34,8.87,7.88,8.46,252870
2009-01-13 16:00:00-05:00,8.475,8.7,8.123,8.405,183318
2009-01-14 16:00:00-05:00,8.33,8.48,7.98,8.36,204756
2009-01-15 16:00:00-05:00,8.06,8.7,8.06,8.61,164058
2009-01-16 16:00:00-05:00,8.72,8.99,8.38,8.63,179150
2009-01-20 16:00:00-05:00,8.635,8.725,8.18,8.205,126770
2009-01-21 16:00:00-05:00,8.31,8.38,7.76,8.15,308506
2009-01-22 16:00:00-05:00,8.06,8.3,7.96,8.05,174236
2009-01-23 16:00:00-05:00,7.98,8.46,7.98,8.41,259612
2009-01-26 16:00:00-05:00,8.36,8.75,8.32,8.54,130610
2009-01-27 16:00:00-05:00,8.55,8.8,8.55,8.68,111486
2009-01-28 16:00:00-05:00,8.75,8.875,8.342,8.49,283384
2009-01-29 16:00:00-05:00,8.5,8.615,8.31,8.35,102716
2009-01-30 16:00:00-05:00,8.47,8.5,7.96,8.23,197006
2009-02-02 16:00:00-05:00,8.24,8.61,8.16,8.48,211396
2009-02-03 16:00:00-05:00,8.52,9.22,8.48,9.05,294572
2009-02-04 16:00:00-05:00,9.03,9.19,8.61,8.67,150860
2009-02-05 16:00:00-05:00,8.67,9.24,8.67,9.1,203566
2009-02-06 16:00:00-05:00,9.18,9.44,9.0,9.28,285786
2009-02-09 16:00:00-05:00,9.45,9.45,9.28,9.4,143804
2009-02-10 16:00:00-05:00,9.4,9.4,9.0,9.0,239778
2009-02-11 16:00:00-05:00,8.9,9.145,8.836,8.985,137916
2009-02-12 16:00:00-05:00,8.95,8.98,8.3,8.43,213130
2009-02-13 16:00:00-05:00,8.22,8.74,8.22,8.48,223054
2009-02-17 16:00:00-05:00,8.38,8.42,7.72,7.95,253488
2009-02-18 16:00:00-05:00,7.98,8.32,7.78,8.28,153052
2009-02-19 16:00:00-05:00,8.325,8.9796,8.105,8.38,297004
2009-02-20 16:00:00-05:00,8.28,8.38,7.86,7.96,132556
2009-02-23 16:00:00-05:00,7.98,8.04,7.53,7.7,270570
2009-02-24 16:00:00-05:00,7.7,7.94,7.4,7.89,206480
2009-02-25 16:00:00-05:00,7.83,7.86,7.41,7.56,105668
2009-02-26 16:00:00-05:00,7.64,7.64,7.0,7.18,189128
2009-02-27 16:00:00-05:00,7.06,7.1,6.34,6.62,236732
2009-03-02 16:00:00-05:00,6.5,6.9,6.29,6.63,294300
2009-03-03 16:00:00-05:00,6.72,7.11,6.57,7.1,458706
2009-03-04 16:00:00-05:00,7.14,7.46,7.08,7.3,95778
2009-03-05 16:00:00-05:00,7.21,7.36,7.02,7.06,201416
2009-03-06 16:00:00-05:00,7.08,7.257,7.05,7.165,127634
2009-03-09 16:00:00-04:00,7.1,7.16,7.0,7.06,79308
2009-03-10 16:00:00-04:00,7.2,7.3,7.05,7.14,131264
2009-03-11 16:00:00-04:00,7.2,7.35,7.05,7.06,102848
2009-03-12 16:00:00-04:00,7.055,7.7397,7.055,7.61,107380
2009-03-13 16:00:00-04:00,7.615,7.98,7.505,7.925,87916
2009-03-16 16:00:00-04:00,8.0,8.0,7.05,7.14,329340
2009-03-17 16:00:00-04:00,7.18,7.96,7.05,7.96,205690
2009-03-18 16:00:00-04:00,7.98,7.98,7.6,7.74,176310
2009-03-19 16:00:00-04:00,7.82,7.84,7.43,7.5,121592
2009-03-20 16:00:00-04:00,7.52,7.67,6.74,6.74,198120
2009-03-23 16:00:00-04:00,6.84,7.25,6.82,7.24,213156
2009-03-24 16:00:00-04:00,7.19,7.5,6.96,6.96,130708
2009-03-25 16:00:00-04:00,7.1,7.48,7.08,7.38,139448
2009-03-26 16:00:00-04:00,7.42,7.82,7.42,7.72,163258
2009-03-27 16:00:00-04:00,7.62,8.05,7.62,7.76,147268
2009-03-30 16:00:00-04:00,7.99,7.99,7.16,7.46,104398
2009-03-31 16:00:00-04:00,7.49,8.035,7.441,7.73,105074
2009-04-01 16:00:00-04:00,7.6,7.98,7.2,7.82,85740
2009-04-02 16:00:00-04:00,7.88,8.25,7.59,7.82,204012
2009-04-03 16:00:00-04:00,7.83,8.1,7.83,8.0,49962
2009-04-06 16:00:00-04:00,7.91,8.15,7.62,7.95,86094
2009-04-07 16:00:00-04:00,7.95,8.17,7.9,8.1,141140
2009-04-08 16:00:00-04:00,8.12,8.18,7.83,8.0,94766
2009-04-09 16:00:00-04:00,8.12,8.12,7.72,7.78,91088
2009-04-13 16:00:00-04:00,7.735,7.785,7.04,7.57,171574
2009-04-14 16:00:00-04:00,7.5,7.6708,7.4478,7.565,88606
2009-04-15 16:00:00-04:00,7.58,7.87,7.5,7.68,83166
2009-04-16 16:00:00-04:00,7.76,7.8,7.5,7.58,150628
2009-04-17 16:00:00-04:00,7.62,7.69,7.48,7.54,190788
2009-04-20 16:00:00-04:00,7.355,7.6,7.305,7.48,77774
2009-04-21 16:00:00-04:00,7.48,8.12,7.38,8.08,146006
2009-04-22 16:00:00-04:00,7.98,8.25,7.83,8.14,97210
2009-04-23 16:00:00-04:00,7.86,7.94,7.12,7.27,210336
2009-04-24 16:00:00-04:00,7.345,7.375,6.883,7.275,254896
2009-04-27 16:00:00-04:00,7.15,7.4,7.06,7.33,131866
2009-04-28 16:00:00-04:00,7.3,7.68,7.16,7.66,102594
2009-04-29 16:00:00-04:00,7.72,8.0,7.61,7.77,92440
2009-04-30 16:00:00-04:00,7.84,7.98,7.66,7.75,80830
2009-05-01 16:00:00-04:00,7.76,7.76,7.42,7.48,67070
2009-05-04 16:00:00-04:00,7.52,7.52,7.1,7.3,122370
2009-05-05 16:00:00-04:00,7.3,7.38,7.1,7.23,181412
2009-05-06 16:00:00-04:00,7.25,7.42,7.072,7.205,87922
2009-05-07 16:00:00-04:00,7.53,7.574,7.2,7.27,136996
2009-05-08 16:00:00-04:00,7.44,7.47,7.12,7.44,91856
2009-05-11 16:00:00-04:00,7.31,7.315,7.122,7.305,72726
2009-05-12 16:00:00-04:00,7.32,7.38,7.1,7.22,118128
2009-05-13 16:00:00-04:00,7.19,7.2,6.54,6.56,186216
2009-05-14 16:00:00-04:00,6.65,6.99,6.64,6.96,181328
2009-05-15 16:00:00-04:00,7.01,7.24,7.01,7.13,82854
2009-05-18 16:00:00-04:00,7.18,7.5,7.15,7.49,124990
2009-05-19 16:00:00-04:00,7.41,7.66,7.345,7.565,114074
2009-05-20 16:00:00-04:00,7.56,7.66,7.4,7.46,129590
2009-05-21 16:00:00-04:00,7.46,7.48,7.3,7.44,60442
2009-05-22 16:00:00-04:00,7.46,7.46,7.32,7.4,37570
2009-05-26 16:00:00-04:00,7.42,7.62,7.36,7.61,175346
2009-05-27 16:00:00-04:00,7.57,7.75,7.52,7.7,149622
2009-05-28 16:00:00-04:00,7.75,7.75,7.39,7.62,69920
2009-05-29 16:00:00-04:00,7.62,7.88,7.4,7.45,239052
2009-06-01 16:00:00-04:00,7.38,7.4,7.01,7.05,245544
2009-06-02 16:00:00-04:00,7.08,7.83,7.05,7.51,446584
2009-06-03 16:00:00-04:00,7.44,7.44,7.1,7.32,79280
2009-06-04 16:00:00-04:00,7.36,7.52,7.22,7.43,64186
2009-06-05 16:00:00-04:00,7.5,7.5,7.16,7.3,58446
2009-06-08 16:00:00-04:00,7.34,7.48,7.08,7.36,62118
2009-06-09 16:00:00-04:00,7.42,7.44,7.18,7.18,54726
2009-06-10 16:00:00-04:00,7.205,7.322,6.9253,6.98,136730
2009-06-11 16:00:00-04:00,7.0,7.12,6.9,6.91,139606
2009-06-12 16:00:00-04:00,6.95,6.98,6.73,6.88,71352
2009-06-15 16:00:00-04:00,6.74,6.77,6.25,6.28,159804
2009-06-16 16:00:00-04:00,6.33,6.65,6.33,6.52,382554
2009-06-17 16:00:00-04:00,6.52,7.02,6.52,7.0,303870
2009-06-18 16:00:00-04:00,7.0,7.3,7.0,7.13,320654
2009-06-19 16:00:00-04:00,7.22,7.34,6.68,6.79,322084
2009-06-22 16:00:00-04:00,6.84,6.84,6.32,6.36,173938
2009-06-23 16:00:00-04:00,6.41,6.82,6.41,6.66,104486
2009-06-24 16:00:00-04:00,6.74,6.88,6.6,6.78,112992
2009-06-25 16:00:00-04:00,6.76,7.11,6.76,7.1,120080
2009-06-26 16:00:00-04:00,7.09,7.38,6.98,7.28,1325302
2009-06-29 16:00:00-04:00,7.23,7.28,6.9,7.13,81356
2009-06-30 16:00:00-04:00,7.16,7.24,6.95,7.12,85628
2009-07-01 16:00:00-04:00,7.18,7.24,7.06,7.11,63572
2009-07-02 16:00:00-04:00,7.0,7.12,6.8,7.06,108420
2009-07-06 16:00:00-04:00,7.06,7.2,6.97,7.16,65388
2009-07-07 16:00:00-04:00,7.15,7.21,7.08,7.12,121052
2009-07-08 16:00:00-04:00,7.17,7.24,7.12,7.2,86506
2009-07-09 16:00:00-04:00,7.24,7.24,7.07,7.17,102004
2009-07-10 16:00:00-04:00,7.14,7.23,7.1,7.18,54012
2009-07-13 16:00:00-04:00,7.18,7.5,7.14,7.38,113874
2009-07-14 16:00:00-04:00,7.34,7.47,7.29,7.4,51806
2009-07-15 16:00:00-04:00,7.46,7.62,7.42,7.62,135458
2009-07-16 16:00:00-04:00,7.56,7.96,7.42,7.94,102318
2009-07-17 16:00:00-04:00,7.92,7.93,7.72,7.88,112440
2009-07-20 16:00:00-04:00,7.88,7.88,7.5,7.56,61468
2009-07-21 16:00:00-04:00,7.61,7.61,7.22,7.46,101060
2009-07-22 16:00:00-04:00,7.46,7.74,7.46,7.74,90990
2009-07-23 16:00:00-04:00,7.72,7.99,7.41,7.96,176960
2009-07-24 16:00:00-04:00,7.88,8.0,7.76,7.99,108438
2009-07-27 16:00:00-04:00,7.96,8.0,7.8,8.0,165706
2009-07-28 16:00:00-04:00,7.995,8.09,7.785,8.08,134402
2009-07-29 16:00:00-04:00,7.88,8.1,7.85,7.93,167922
2009-07-30 16:00:00-04:00,8.0,8.15,7.92,8.08,150102
2009-07-31 16:00:00-04:00,8.04,8.17,7.96,8.01,113206
2009-08-03 16:00:00-04:00,8.04,8.1,7.85,8.0,87066
2009-08-04 16:00:00-04:00,7.945,8.05,7.881,8.045,55636
2009-08-05 16:00:00-04:00,8.0,8.0,7.79,7.88,47556
2009-08-06 16:00:00-04:00,7.88,7.88,7.54,7.55,47248
2009-08-07 16:00:00-04:00,7.96,7.96,7.52,7.84,65022
2009-08-10 16:00:00-04:00,7.84,7.94,7.66,7.82,88202
2009-08-11 16:00:00-04:00,7.75,7.75,7.28,7.38,145416
2009-08-12 16:00:00-04:00,7.36,7.5,7.23,7.42,88456
2009-08-13 16:00:00-04:00,7.48,7.54,7.4,7.52,57550
2009-08-14 16:00:00-04:00,7.5,7.5,7.3052,7.375,73432
2009-08-17 16:00:00-04:00,7.3,7.45,7.3,7.44,60678
2009-08-18 16:00:00-04:00,7.44,7.45,7.2,7.22,121492
2009-08-19 16:00:00-04:00,7.18,7.45,7.18,7.42,88434
2009-08-20 16:00:00-04:00,7.39,7.45,7.37,7.44,66576
2009-08-21 16:00:00-04:00,7.49,7.62,7.38,7.58,157358
2009-08-24 16:00:00-04:00,7.58,7.62,7.45,7.58,61822
2009-08-25 16:00:00-04:00,7.64,7.66,7.47,7.52,69556
2009-08-26 16:00:00-04:00,7.5,7.5,7.4,7.4,118572
2009-08-27 16:00:00-04:00,7.42,7.5,7.05,7.29,95490
2009-08-28 16:00:00-04:00,7.31,7.31,6.95,7.0,90384
2009-08-31 16:00:00-04:00,6.98,7.13,6.84,6.94,83586
2009-09-01 16:00:00-04:00,6.8,6.92,6.47,6.87,239772
2009-09-02 16:00:00-04:00,6.88,6.94,6.55,6.62,374410
2009-09-03 16:00:00-04:00,6.61,6.76,6.48,6.74,73522
2009-09-04 16:00:00-04:00,6.74,7.07,6.62,7.0,118956
2009-09-08 16:00:00-04:00,7.08,7.18,7.0,7.14,69582
2009-09-09 16:00:00-04:00,7.38,7.38,7.1,7.24,122100
2009-09-10 16:00:00-04:00,7.245,7.335,7.217,7.3,87436
2009-09-11 16:00:00-04:00,7.33,7.34,7.25,7.33,98610
2009-09-14 16:00:00-04:00,7.35,7.6,7.35,7.57,119644
2009-09-15 16:00:00-04:00,7.54,7.62,7.45,7.56,101864
2009-09-16 16:00:00-04:00,7.62,7.69,7.55,7.68,70542
2009-09-17 16:00:00-04:00,7.62,7.71,7.5704,7.595,44282
2009-09-18 16:00:00-04:00,7.615,7.715,7.5354,7.62,156346
2009-09-21 16:00:00-04:00,7.6,7.6,7.36,7.46,44622
2009-09-22 16:00:00-04:00,7.54,7.68,7.39,7.39,80834
2009-09-23 16:00:00-04:00,7.42,7.52,7.36,7.36,45132
2009-09-24 16:00:00-04:00,7.47,7.48,7.28,7.36,87010
2009-09-25 16:00:00-04:00,7.32,7.37,7.11,7.16,62982
2009-09-28 16:00:00-04:00,7.18,7.28,7.06,7.12,75156
2009-09-29 16:00:00-04:00,7.14,7.29,7.14,7.16,60118
2009-09-30 16:00:00-04:00,7.15,7.18,7.0,7.02,100160
2009-10-01 16:00:00-04:00,7.02,7.06,6.89,7.0,122086
2009-10-02 16:00:00-04:00,7.0,7.11,6.97,7.0,110262
2009-10-05 16:00:00-04:00,7.04,7.16,7.0,7.14,118078
2009-10-06 16:00:00-04:00,7.22,7.34,7.17,7.33,69628
2009-10-07 16:00:00-04:00,7.33,7.505,7.318,7.48,41400
2009-10-08 16:00:00-04:00,7.49,7.5246,7.375,7.445,125494
2009-10-09 16:00:00-04:00,7.4212,7.56,7.415,7.54,95842
2009-10-12 16:00:00-04:00,7.625,7.6978,7.535,7.56,133842
2009-10-13 16:00:00-04:00,7.59,7.63,7.5,7.62,87970
2009-10-14 16:00:00-04:00,7.64,7.7,7.58,7.65,92698
2009-10-15 16:00:00-04:00,7.58,7.62,7.54,7.6,97666
2009-10-16 16:00:00-04:00,7.56,7.74,7.56,7.62,98280
2009-10-19 16:00:00-04:00,7.675,7.675,7.6038,7.635,44774
2009-10-20 16:00:00-04:00,7.605,7.7137,7.57,7.585,41468
2009-10-21 16:00:00-04:00,7.64,7.7,7.58,7.6,91646
2009-10-22 16:00:00-04:00,7.6,7.72,7.56,7.69,71036
2009-10-23 16:00:00-04:00,7.7,7.7,7.55,7.56,74788
2009-10-26 16:00:00-04:00,7.58,7.62,7.42,7.42,89498
2009-10-27 16:00:00-04:00,7.44,7.5,7.32,7.34,46694
2009-10-28 16:00:00-04:00,7.34,7.41,7.01,7.02,114866
2009-10-29 16:00:00-04:00,7.08,7.3,7.02,7.3,98588
2009-10-30 16:00:00-04:00,7.235,7.48,7.178,7.39,98616
2009-11-02 16:00:00-05:00,7.46,7.604,7.39,7.515,92728
2009-11-03 16:00:00-05:00,7.52,7.67,7.22,7.46,89966
2009-11-04 16:00:00-05:00,7.44,7.57,7.4,7.46,199440
2009-11-05 16:00:00-05:00,7.38,7.6,7.36,7.49,135686
2009-11-06 16:00:00-05:00,7.5,7.5,7.38,7.43,38580
2009-11-09 16:00:00-05:00,7.49,7.49,7.42,7.44,59546
2009-11-10 16:00:00-05:00,7.44,7.5,7.42,7.42,83740
2009-11-11 16:00:00-05:00,7.43,7.6,7.42,7.48,197648
2009-11-12 16:00:00-05:00,7.49,7.57,7.4,7.42,47508
2009-11-13 16:00:00-05:00,7.44,7.5,7.4,7.48,65236
2009-11-16 16:00:00-05:00,7.5,7.56,7.45,7.49,76568
2009-11-17 16:00:00-05:00,7.49,7.52,7.43,7.44,85426
2009-11-18 16:00:00-05:00,7.48,7.48,7.35,7.42,70838
2009-11-19 16:00:00-05:00,7.36,7.36,7.24,7.25,91144
2009-11-20 16:00:00-05:00,7.24,7.28,7.15,7.26,50624
2009-11-23 16:00:00-05:00,7.34,7.5,7.34,7.42,50428
2009-11-24 16:00:00-05:00,7.42,7.43,7.21,7.24,85992
2009-11-25 16:00:00-05:00,7.29,7.3262,7.2,7.23,42836
2009-11-27 13:00:00-05:00,7.1,7.19,7.02,7.06,50396
2009-11-30 16:00:00-05:00,7.04,7.1,6.8,6.92,137124
2009-12-01 16:00:00-05:00,6.93,7.17,6.93,7.08,127488
2009-12-02 16:00:00-05:00,7.06,7.17,7.02,7.15,28932
2009-12-03 16:00:00-05:00,7.14,7.15,7.03,7.1,177130
2009-12-04 16:00:00-05:00,7.15,7.22,7.08,7.14,147304
2009-12-07 16:00:00-05:00,7.125,7.43,6.75,7.325,372520
2009-12-08 16:00:00-05:00,7.32,7.43,7.06,7.26,103094
2009-12-09 16:00:00-05:00,7.24,7.42,7.06,7.36,93510
2009-12-10 16:00:00-05:00,7.36,7.5,7.12,7.2,148654
2009-12-11 16:00:00-05:00,7.2,7.41,7.18,7.3,67378
2009-12-14 16:00:00-05:00,7.35,7.35,7.08,7.22,76134
2009-12-15 16:00:00-05:00,7.22,7.48,7.22,7.4,96800
2009-12-16 16:00:00-05:00,7.38,7.48,7.38,7.44,69882
2009-12-17 16:00:00-05:00,7.38,7.48,7.38,7.44,80886
2009-12-18 16:00:00-05:00,7.5,7.56,7.42,7.5,294928
2009-12-21 16:00:00-05:00,7.5,7.85,7.5,7.6,193788
2009-12-22 16:00:00-05:00,7.62,7.78,7.6,7.6,118622
2009-12-23 16:00:00-05:00,7.665,7.784,7.625,7.67,76094
2009-12-24 13:00:00-05:00,7.5,7.72,7.5,7.66,23768
2009-12-28 16:00:00-05:00,7.7,7.89,7.7,7.82,121324
2009-12-29 16:00:00-05:00,7.85,7.91,7.68,7.8,64908
2009-12-30 16:00:00-05:00,7.76,7.88,7.72,7.84,45420
2009-12-31 16:00:00-05:00,7.82,7.82,7.55,7.68,100634
2010-01-04 16:00:00-05:00,7.7,7.88,7.7,7.78,78048
2010-01-05 16:00:00-05:00,7.75,7.95,7.66,7.78,182706
2010-01-06 16:00:00-05:00,7.85,8.32,7.78,8.24,262370
2010-01-07 16:00:00-05:00,8.24,8.26,8.09,8.2,207366
2010-01-08 16:00:00-05:00,8.2,8.2,8.05,8.15,92584
2010-01-11 16:00:00-05:00,8.205,8.335,8.0,8.015,100504
2010-01-12 16:00:00-05:00,7.96,8.16,7.88,8.0,229584
2010-01-13 16:00:00-05:00,8.0,8.38,8.0,8.35,153484
2010-01-14 16:00:00-05:00,8.28,8.3,8.06,8.26,96064
2010-01-15 16:00:00-05:00,8.22,8.74,7.96,8.7,426910
2010-01-19 16:00:00-05:00,9.12,9.15,8.95,9.08,506868
2010-01-20 16:00:00-05:00,9.1,9.1,8.76,8.98,209274
2010-01-21 16:00:00-05:00,9.03,9.08,8.7,8.72,142178
2010-01-22 16:00:00-05:00,8.82,9.04,8.64,8.68,123416
2010-01-25 16:00:00-05:00,8.66,8.9,8.62,8.65,161414
2010-01-26 16:00:00-05:00,8.7,8.7,8.54,8.54,116720
2010-01-27 16:00:00-05:00,8.54,8.6498,8.525,8.615,67918
2010-01-28 16:00:00-05:00,8.62,8.62,8.5,8.6,228268
2010-01-29 16:00:00-05:00,8.62,8.62,8.53,8.54,84822
2010-02-01 16:00:00-05:00,8.62,8.62,8.54,8.59,107656
2010-02-02 16:00:00-05:00,8.62,8.64,8.54,8.56,84192
2010-02-03 16:00:00-05:00,8.62,8.86,8.5,8.52,125746
2010-02-04 16:00:00-05:00,8.5,8.58,8.34,8.34,123972
2010-02-05 16:00:00-05:00,8.35,8.73,8.35,8.61,142020
2010-02-08 16:00:00-05:00,8.68,8.68,8.31,8.32,113938
2010-02-09 16:00:00-05:00,8.42,8.42,8.14,8.27,169474
2010-02-10 16:00:00-05:00,8.31,8.31,8.12,8.2,74340
2010-02-11 16:00:00-05:00,8.06,8.58,8.06,8.56,124828
2010-02-12 16:00:00-05:00,8.48,8.77,8.35,8.74,181254
2010-02-16 16:00:00-05:00,8.805,8.82,8.424,8.72,179578
2010-02-17 16:00:00-05:00,8.72,8.78,8.48,8.68,138174
2010-02-18 16:00:00-05:00,8.71,8.81,8.6,8.72,137472
2010-02-19 16:00:00-05:00,8.74,8.96,8.57,8.84,132344
2010-02-22 16:00:00-05:00,8.74,8.74,8.4,8.42,213982
2010-02-23 16:00:00-05:00,8.4,8.5,8.29,8.49,164730
2010-02-24 16:00:00-05:00,8.49,8.5,8.44,8.46,121996
2010-02-25 16:00:00-05:00,8.38,8.47,8.3,8.46,83954
2010-02-26 16:00:00-05:00,8.44,8.5,8.3,8.33,190080
2010-03-01 16:00:00-05:00,8.42,9.06,8.4,8.78,411034
2010-03-02 16:00:00-05:00,8.82,8.92,8.66,8.78,431944
2010-03-03 16:00:00-05:00,8.81,9.0,8.7,8.82,105324
2010-03-04 16:00:00-05:00,8.83,8.98,8.66,8.94,127868
2010-03-05 16:00:00-05:00,9.0,9.4,8.89,9.3,434098
2010-03-08 16:00:00-05:00,9.32,9.38,8.85,8.92,243244
2010-03-09 16:00:00-05:00,8.88,9.06,8.88,8.94,66354
2010-03-10 16:00:00-05:00,8.9,9.0,8.73,8.79,178956
2010-03-11 16:00:00-05:00,8.73,8.74,8.5,8.74,145526
2010-03-12 16:00:00-05:00,8.72,8.9,8.62,8.89,143346
2010-03-15 16:00:00-04:00,8.63,8.94,8.61,8.73,161510
2010-03-16 16:00:00-04:00,8.75,8.83,8.586,8.825,100948
2010-03-17 16:00:00-04:00,8.825,8.878,8.64,8.66,101642
2010-03-18 16:00:00-04:00,8.63,8.88,8.63,8.86,101222
2010-03-19 16:00:00-04:00,8.9,8.92,8.68,8.74,142242
2010-03-22 16:00:00-04:00,8.66,8.96,8.5,8.87,108652
2010-03-23 16:00:00-04:00,8.87,8.94,8.82,8.91,73126
2010-03-24 16:00:00-04:00,8.92,9.05,8.86,9.0,146550
2010-03-25 16:00:00-04:00,9.01,9.12,8.76,8.78,97674
2010-03-26 16:00:00-04:00,8.78,8.9,8.71,8.79,37476
2010-03-29 16:00:00-04:00,8.77,8.77,8.6,8.7,81560
2010-03-30 16:00:00-04:00,8.72,8.74,8.62,8.74,62336
2010-03-31 16:00:00-04:00,8.78,8.87,8.64,8.64,86026
2010-04-05 16:00:00-04:00,8.88,9.05,8.88,9.0,97802
2010-04-06 16:00:00-04:00,8.92,9.02,8.88,8.9,65400
2010-04-07 16:00:00-04:00,8.87,8.87,8.67,8.8,91042
2010-04-08 16:00:00-04:00,8.785,8.8898,8.73,8.735,69700
2010-04-09 16:00:00-04:00,8.74,8.82,8.68,8.76,131888
2010-04-12 16:00:00-04:00,8.75,8.78,8.69,8.74,93588
2010-04-13 16:00:00-04:00,8.76,8.76,8.56,8.72,103066
2010-04-14 16:00:00-04:00,8.715,8.715,8.558,8.715,123846
2010-04-15 16:00:00-04:00,8.68,8.68,8.56,8.64,117652
2010-04-16 16:00:00-04:00,8.66,8.74,8.56,8.68,179354
2010-04-19 16:00:00-04:00,8.65,8.74,8.6,8.655,125248
2010-04-20 16:00:00-04:00,8.67,8.88,8.66,8.88,120122
2010-04-21 16:00:00-04:00,8.88,8.94,8.83,8.92,50470
2010-04-22 16:00:00-04:00,8.84,8.93,8.7,8.8,96376
2010-04-23 16:00:00-04:00,8.78,8.92,8.72,8.9,91654
2010-04-26 16:00:00-04:00,8.87,8.9,8.8,8.84,52830
2010-04-27 16:00:00-04:00,8.84,8.89,8.74,8.76,67500
2010-04-28 16:00:00-04:00,8.82,8.82,8.7,8.8,38998
2010-04-29 16:00:00-04:00,8.84,8.94,8.79,8.94,95138
2010-04-30 16:00:00-04:00,8.948,8.948,8.68,8.68,170716
2010-05-03 16:00:00-04:00,8.7,8.88,8.68,8.86,126938
2010-05-04 16:00:00-04:00,8.76,8.85,8.68,8.8,170868
2010-05-05 16:00:00-04:00,8.7,8.84,8.69,8.8,160694
2010-05-06 16:00:00-04:00,8.815,8.891,8.255,8.5,261860
2010-05-07 16:00:00-04:00,8.54,8.79,8.43,8.7,271700
2010-05-10 16:00:00-04:00,8.87,9.14,8.73,9.1,329956
2010-05-11 16:00:00-04:00,8.97,9.125,8.8338,9.12,168888
2010-05-12 16:00:00-04:00,9.16,9.3,9.035,9.24,248242
2010-05-13 16:00:00-04:00,9.02,9.491,8.955,9.125,149902
2010-05-14 16:00:00-04:00,9.04,9.1,8.96,9.04,67054
2010-05-17 16:00:00-04:00,9.1,9.11,8.86,9.0,90782
2010-05-18 16:00:00-04:00,9.12,9.36,8.96,9.0,105400
2010-05-19 16:00:00-04:00,8.94,9.105,8.902,9.0,108162
2010-05-20 16:00:00-04:00,8.85,8.995,8.81,8.918,209680
2010-05-21 16:00:00-04:00,8.8,9.04,8.78,8.94,227986
2010-05-24 16:00:00-04:00,8.98,9.11,8.8,8.9,180378
2010-05-25 16:00:00-04:00,8.79,9.04,8.5,9.02,230836
2010-05-26 16:00:00-04:00,9.09,9.36,8.94,8.95,200440
2010-05-27 16:00:00-04:00,9.11,9.24,8.96,9.24,72924
2010-05-28 16:00:00-04:00,9.25,9.35,9.02,9.12,139192
2010-06-01 16:00:00-04:00,8.96,8.96,8.62,8.74,282950
2010-06-02 16:00:00-04:00,8.83,9.0,8.68,8.97,720272
2010-06-03 16:00:00-04:00,8.98,9.18,8.87,9.14,206548
2010-06-04 16:00:00-04:00,9.0,9.15,8.85,8.92,167694
2010-06-07 16:00:00-04:00,8.97,8.99,8.758,8.775,160256
2010-06-08 16:00:00-04:00,8.84,8.84,8.66,8.7,195140
2010-06-09 16:00:00-04:00,8.8,8.92,8.6,8.66,125106
2010-06-10 16:00:00-04:00,8.74,8.85,8.62,8.8,182264
2010-06-11 16:00:00-04:00,8.76,9.0,8.66,9.0,175184
2010-06-14 16:00:00-04:00,9.01,9.31,8.91,9.15,332212
2010-06-15 16:00:00-04:00,9.23,9.29,9.01,9.25,249858
2010-06-16 16:00:00-04:00,9.24,9.24,8.95,9.04,210242
2010-06-17 16:00:00-04:00,9.1,9.15,9.01,9.06,85930
2010-06-18 16:00:00-04:00,9.06,9.14,8.9,8.97,158738
2010-06-21 16:00:00-04:00,9.02,9.05,8.85,8.9,96730
2010-06-22 16:00:00-04:00,8.94,8.98,8.69,8.7,143698
2010-06-23 16:00:00-04:00,8.68,8.94,8.64,8.86,71554
2010-06-24 16:00:00-04:00,8.77,8.8,8.62,8.64,93790
2010-06-25 16:00:00-04:00,8.64,8.97,8.64,8.87,883710
2010-06-28 16:00:00-04:00,8.8,8.9,8.62,8.68,113690
2010-06-29 16:00:00-04:00,8.6,8.64,8.48,8.54,236104
2010-06-30 16:00:00-04:00,8.56,8.57,8.26,8.26,122596
2010-07-01 16:00:00-04:00,8.3,8.3,8.0,8.23,150906
2010-07-02 16:00:00-04:00,8.3,8.3,8.1,8.12,91578
2010-07-06 16:00:00-04:00,8.26,8.43,7.81,7.86,227692
2010-07-07 16:00:00-04:00,7.82,7.84,7.5,7.75,356928
2010-07-08 16:00:00-04:00,7.78,8.13,7.78,8.13,176792
2010-07-09 16:00:00-04:00,8.13,8.22,7.946,8.15,139652
2010-07-12 16:00:00-04:00,8.14,8.14,7.99,8.02,109288
2010-07-13 16:00:00-04:00,8.09,8.4,8.07,8.4,202652
2010-07-14 16:00:00-04:00,8.4,8.44,8.18,8.4,189186
2010-07-15 16:00:00-04:00,9.0,9.0,8.68,8.93,504094
2010-07-16 16:00:00-04:00,8.855,8.969,8.66,8.69,364290
2010-07-19 16:00:00-04:00,8.72,8.78,8.64,8.75,183352
2010-07-20 16:00:00-04:00,8.66,8.76,8.66,8.74,152612
2010-07-21 16:00:00-04:00,8.82,8.82,8.66,8.66,161976
2010-07-22 16:00:00-04:00,8.77,8.77,8.68,8.7,497178
2010-07-23 16:00:00-04:00,8.69,8.94,8.68,8.94,381322
2010-07-26 16:00:00-04:00,8.98,9.0,8.75,8.8,2580992
2010-07-27 16:00:00-04:00,8.81,8.98,8.75,8.96,374490
2010-07-28 16:00:00-04:00,8.95,8.99,8.82,8.85,168752
2010-07-29 16:00:00-04:00,8.96,9.0,8.76,8.98,214544
2010-07-30 16:00:00-04:00,8.92,9.08,8.85,9.0,302414
2010-08-02 16:00:00-04:00,9.12,9.12,8.93,9.02,165540
2010-08-03 16:00:00-04:00,9.01,9.08,8.88,8.91,98486
2010-08-04 16:00:00-04:00,8.94,9.238,8.765,9.22,233324
2010-08-05 16:00:00-04:00,9.14,9.25,9.06,9.11,128840
2010-08-06 16:00:00-04:00,9.0,9.14,8.91,9.12,89372
2010-08-09 16:00:00-04:00,9.245,9.425,9.025,9.18,207942
2010-08-10 16:00:00-04:00,9.06,9.14,8.9,9.0,148780
2010-08-11 16:00:00-04:00,8.9,8.98,8.76,8.85,232752
2010-08-12 16:00:00-04:00,8.75,8.96,8.66,8.82,125394
2010-08-13 16:00:00-04:00,8.78,8.86,8.64,8.79,105992
2010-08-16 16:00:00-04:00,8.8,8.94,8.7,8.94,113818
2010-08-17 16:00:00-04:00,8.94,9.18,8.88,9.0,274934
2010-08-18 16:00:00-04:00,9.02,9.25,8.96,9.03,199360
2010-08-19 16:00:00-04:00,9.03,9.08,8.8,8.86,174762
2010-08-20 16:00:00-04:00,8.86,9.09,8.8,9.08,174944
2010-08-23 16:00:00-04:00,9.1,9.14,8.72,8.74,131332
2010-08-24 16:00:00-04:00,8.66,8.76,8.64,8.72,106040
2010-08-25 16:00:00-04:00,8.65,8.77,8.57,8.76,88030
2010-08-26 16:00:00-04:00,8.77,8.8,8.58,8.61,52550
2010-08-27 16:00:00-04:00,8.64,8.74,8.44,8.71,124662
2010-08-30 16:00:00-04:00,8.68,8.7,8.34,8.34,115970
2010-08-31 16:00:00-04:00,8.31,8.41,8.18,8.32,118666
2010-09-01 16:00:00-04:00,8.42,8.79,8.32,8.78,99048
2010-09-02 16:00:00-04:00,8.72,9.0,8.66,9.0,128236
2010-09-03 16:00:00-04:00,9.0,9.0,8.82,8.94,131492
2010-09-07 16:00:00-04:00,8.88,8.88,8.62,8.63,77816
2010-09-08 16:00:00-04:00,8.63,8.78,8.63,8.74,45258
2010-09-09 16:00:00-04:00,8.76,8.92,8.66,8.82,87762
2010-09-10 16:00:00-04:00,8.76,8.92,8.62,8.78,164390
2010-09-13 16:00:00-04:00,8.76,8.86,8.54,8.6,235746
2010-09-14 16:00:00-04:00,8.56,8.76,8.5,8.71,168228
2010-09-15 16:00:00-04:00,8.7,8.98,8.64,8.91,223718
2010-09-16 16:00:00-04:00,8.92,8.92,8.7,8.85,77352
2010-09-17 16:00:00-04:00,8.94,9.0,8.74,8.9,676698
2010-09-20 16:00:00-04:00,8.7,8.775,8.396,8.745,383638
2010-09-21 16:00:00-04:00,8.48,8.86,8.41,8.78,287274
2010-09-22 16:00:00-04:00,8.69,8.74,8.5,8.71,96546
2010-09-23 16:00:00-04:00,8.635,8.74,8.436,8.49,162680
2010-09-24 16:00:00-04:00,8.55,8.72,8.54,8.69,125574
2010-09-27 16:00:00-04:00,8.655,8.81,8.64,8.74,84716
2010-09-28 16:00:00-04:00,8.73,8.82,8.62,8.72,177950
2010-09-29 16:00:00-04:00,8.69,8.95,8.66,8.93,105724
2010-09-30 16:00:00-04:00,8.95,9.0,8.75,8.98,184428
2010-10-01 16:00:00-04:00,9.0,9.08,8.94,9.06,195530
2010-10-04 16:00:00-04:00,9.0,9.05,8.92,8.97,215732
2010-10-05 16:00:00-04:00,9.02,9.2,8.86,9.09,241166
2010-10-06 16:00:00-04:00,9.06,9.2,9.02,9.08,137784
2010-10-07 16:00:00-04:00,9.1,9.1304,8.95,9.02,248532
2010-10-08 16:00:00-04:00,9.0,9.09,8.91,9.02,266708
2010-10-11 16:00:00-04:00,8.99,9.02,8.87,8.87,137108
2010-10-12 16:00:00-04:00,8.83,8.99,8.74,8.78,151382
2010-10-13 16:00:00-04:00,8.78,9.02,8.78,8.96,264140
2010-10-14 16:00:00-04:00,8.92,9.08,8.9,9.08,220332
2010-10-15 16:00:00-04:00,9.17,9.2,9.04,9.12,227986
2010-10-18 16:00:00-04:00,9.08,9.18,8.94,9.16,385698
2010-10-19 16:00:00-04:00,9.04,9.16,8.88,8.94,155712
2010-10-20 16:00:00-04:00,8.98,9.16,8.98,9.08,201688
2010-10-21 16:00:00-04:00,9.08,9.12,8.85,9.1,220562
2010-10-22 16:00:00-04:00,9.09,9.18,9.06,9.14,78232
2010-10-25 16:00:00-04:00,9.16,9.22,9.12,9.16,72778
2010-10-26 16:00:00-04:00,9.095,9.185,9.049,9.155,99126
2010-10-27 16:00:00-04:00,9.08,9.2,9.08,9.2,98790
2010-10-28 16:00:00-04:00,9.2,9.22,9.08,9.12,75370
2010-10-29 16:00:00-04:00,9.125,9.438,9.125,9.395,565968
2010-11-01 16:00:00-04:00,9.44,9.54,9.38,9.41,459878
2010-11-02 16:00:00-04:00,9.5,9.82,9.42,9.74,479080
2010-11-03 16:00:00-04:00,9.78,9.91,9.7,9.87,277812
2010-11-04 16:00:00-04:00,9.9,10.52,9.88,10.21,721362
2010-11-05 16:00:00-04:00,10.26,10.7,10.18,10.6,347270
2010-11-08 16:00:00-05:00,10.54,10.85,10.49,10.78,386702
2010-11-09 16:00:00-05:00,10.8,10.94,10.68,10.74,250292
2010-11-10 16:00:00-05:00,10.78,10.84,10.56,10.75,211048
2010-11-11 16:00:00-05:00,10.62,10.79,10.58,10.71,117880
2010-11-12 16:00:00-05:00,10.62,10.8,10.62,10.68,141726
2010-11-15 16:00:00-05:00,10.76,10.96,10.76,10.9,237258
2010-11-16 16:00:00-05:00,10.88,11.0,10.81,10.89,350850
2010-11-17 16:00:00-05:00,10.9,10.96,10.68,10.72,237994
2010-11-18 16:00:00-05:00,10.78,10.89,10.46,10.7,364830
2010-11-19 16:00:00-05:00,10.66,10.73,10.49,10.58,185332
2010-11-22 16:00:00-05:00,10.56,10.64,10.38,10.54,104200
2010-11-23 16:00:00-05:00,10.43,10.462,10.31,10.455,124140
2010-11-24 16:00:00-05:00,10.54,10.73,10.5,10.6,69592
2010-11-26 13:00:00-05:00,10.5,10.56,10.42,10.46,30268
2010-11-29 16:00:00-05:00,10.465,10.954,10.465,10.905,193804
2010-11-30 16:00:00-05:00,10.82,10.9,10.59,10.76,493486
2010-12-01 16:00:00-05:00,10.9,11.0,10.87,10.98,338562
2010-12-02 16:00:00-05:00,11.0,11.0,10.44,10.51,256312
2010-12-03 16:00:00-05:00,10.44,10.74,10.28,10.72,104730
2010-12-06 16:00:00-05:00,10.72,10.92,10.72,10.9,203548
2010-12-07 16:00:00-05:00,10.96,11.099,10.925,10.985,209228
2010-12-08 16:00:00-05:00,10.98,11.22,10.88,11.0,323272
2010-12-09 16:00:00-05:00,11.02,11.1,11.0,11.04,105082
2010-12-10 16:00:00-05:00,11.05,11.05,10.88,11.0,178150
2010-12-13 16:00:00-05:00,11.0,11.134,10.915,11.065,89206
2010-12-14 16:00:00-05:00,11.03,11.18,11.03,11.15,148942
2010-12-15 16:00:00-05:00,11.1,11.37,11.08,11.34,179368
2010-12-16 16:00:00-05:00,11.36,11.56,11.36,11.52,301260
2010-12-17 16:00:00-05:00,11.48,11.76,11.44,11.75,577548
2010-12-20 16:00:00-05:00,11.86,12.06,11.74,11.78,247720
2010-12-21 16:00:00-05:00,11.86,11.975,11.815,11.875,133996
2010-12-22 16:00:00-05:00,11.88,12.05,11.88,11.93,89566
2010-12-23 16:00:00-05:00,11.9,12.005,11.86,11.875,43302
2010-12-27 16:00:00-05:00,11.875,11.88,11.755,11.83,86728
2010-12-28 16:00:00-05:00,11.84,11.94,11.76,11.85,94876
2010-12-29 16:00:00-05:00,11.95,12.0,11.92,12.0,105956
2010-12-30 16:00:00-05:00,12.02,12.4,12.0,12.27,143958
2010-12-31 16:00:00-05:00,12.48,13.48,12.37,12.44,711672
2011-01-03 16:00:00-05:00,12.56,12.75,11.54,11.68,681904
2011-01-04 16:00:00-05:00,11.695,12.224,11.635,12.17,347862
2011-01-05 16:00:00-05:00,12.16,12.3,12.1,12.28,182724
2011-01-06 16:00:00-05:00,12.35,12.82,12.35,12.8,273676
2011-01-07 16:00:00-05:00,12.81,12.9,12.425,12.71,271918
2011-01-10 16:00:00-05:00,12.74,12.74,12.5,12.52,248520
2011-01-11 16:00:00-05:00,12.5,12.5,12.16,12.24,161716
2011-01-12 16:00:00-05:00,12.25,12.48,12.2,12.36,208872
2011-01-13 16:00:00-05:00,12.3,12.54,12.14,12.46,200696
2011-01-14 16:00:00-05:00,12.52,12.58,12.3,12.42,159416
2011-01-18 16:00:00-05:00,12.41,12.43,12.18,12.38,192200
2011-01-19 16:00:00-05:00,12.39,12.4,12.04,12.12,167400
2011-01-20 16:00:00-05:00,12.09,12.2,11.82,11.84,359514
2011-01-21 16:00:00-05:00,11.91,12.06,11.75,11.86,209792
2011-01-24 16:00:00-05:00,11.86,12.18,11.76,12.01,180528
2011-01-25 16:00:00-05:00,12.04,12.2,11.81,12.0,200540
2011-01-26 16:00:00-05:00,11.96,12.45,11.88,12.25,134978
2011-01-27 16:00:00-05:00,12.29,12.69,12.29,12.57,127136
2011-01-28 16:00:00-05:00,12.6,12.66,12.44,12.55,222990
2011-01-31 16:00:00-05:00,12.55,12.69,12.08,12.08,285656
2011-02-01 16:00:00-05:00,12.17,12.34,12.05,12.26,118134
2011-02-02 16:00:00-05:00,12.2,12.3,12.04,12.18,89052
2011-02-03 16:00:00-05:00,12.22,12.4,11.92,12.36,168154
2011-02-04 16:00:00-05:00,12.38,12.47,12.25,12.38,97190
2011-02-07 16:00:00-05:00,12.42,12.88,12.42,12.58,115074
2011-02-08 16:00:00-05:00,12.58,12.74,12.49,12.6,82946
2011-02-09 16:00:00-05:00,12.54,12.54,12.24,12.4,77036
2011-02-10 16:00:00-05:00,12.36,12.65,12.21,12.65,132210
2011-02-11 16:00:00-05:00,12.655,12.89,12.6,12.865,66986
2011-02-14 16:00:00-05:00,12.91,13.34,12.66,13.26,205320
2011-02-15 16:00:00-05:00,13.22,13.32,12.92,12.94,147536
2011-02-16 16:00:00-05:00,12.98,13.36,12.96,13.31,134482
2011-02-17 16:00:00-05:00,13.87,15.36,13.86,15.2,548488
2011-02-18 16:00:00-05:00,15.125,15.87,15.006,15.27,362352
2011-02-22 16:00:00-05:00,15.29,15.44,14.82,15.05,380638
2011-02-23 16:00:00-05:00,15.0,15.16,14.62,15.03,170974
2011-02-24 16:00:00-05:00,14.99,15.06,14.74,14.78,288752
2011-02-25 16:00:00-05:00,14.825,15.374,14.825,15.335,166866
2011-02-28 16:00:00-05:00,15.3,15.42,15.12,15.2,185646
2011-03-01 16:00:00-05:00,15.32,15.5,15.12,15.26,382308
2011-03-02 16:00:00-05:00,15.29,15.615,15.206,15.515,171664
2011-03-03 16:00:00-05:00,15.65,16.202,15.65,15.8,216128
2011-03-04 16:00:00-05:00,15.82,15.92,15.5,15.79,185344
2011-03-07 16:00:00-05:00,15.78,15.8,15.38,15.64,110930
2011-03-08 16:00:00-05:00,15.62,16.19,15.6,16.14,109528
2011-03-09 16:00:00-05:00,16.22,16.4,15.91,16.02,202746
2011-03-10 16:00:00-05:00,15.85,15.88,15.3,15.4,193034
2011-03-11 16:00:00-05:00,15.26,15.5,15.06,15.35,164706
2011-03-14 16:00:00-04:00,15.2,15.78,14.88,15.76,173824
2011-03-15 16:00:00-04:00,15.44,15.76,15.05,15.56,309024
2011-03-16 16:00:00-04:00,15.58,15.744,15.095,15.095,187930
2011-03-17 16:00:00-04:00,15.18,15.42,14.98,15.01,211846
2011-03-18 16:00:00-04:00,15.11,15.31,14.95,15.18,193540
2011-03-21 16:00:00-04:00,15.28,15.34,14.93,15.22,213756
2011-03-22 16:00:00-04:00,15.27,15.4246,15.075,15.355,128984
2011-03-23 16:00:00-04:00,15.34,15.41,15.0,15.31,102686
2011-03-24 16:00:00-04:00,15.265,15.36,15.087,15.29,93214
2011-03-25 16:00:00-04:00,15.32,15.7,15.2,15.42,159034
2011-03-28 16:00:00-04:00,15.4,16.0,15.4,15.6,206366
2011-03-29 16:00:00-04:00,15.58,15.76,15.54,15.58,100892
2011-03-30 16:00:00-04:00,15.62,16.12,15.55,16.0,229048
2011-03-31 16:00:00-04:00,16.22,16.24,15.83,15.96,222928
2011-04-01 16:00:00-04:00,16.0,16.48,16.0,16.3,250580
2011-04-04 16:00:00-04:00,16.41,16.58,16.12,16.45,173358
2011-04-05 16:00:00-04:00,16.5,17.04,16.5,16.72,185690
2011-04-06 16:00:00-04:00,16.86,17.2,16.788,17.015,364540
2011-04-07 16:00:00-04:00,17.105,17.425,16.881,17.045,360408
2011-04-08 16:00:00-04:00,17.02,17.12,16.5,16.84,390422
2011-04-11 16:00:00-04:00,16.93,16.93,15.28,15.9,435492
2011-04-12 16:00:00-04:00,15.58,16.04,15.58,15.7,194396
2011-04-13 16:00:00-04:00,15.79,15.98,15.65,15.68,128148
2011-04-14 16:00:00-04:00,15.6,15.9,15.45,15.86,126916
2011-04-15 16:00:00-04:00,15.5,16.0,15.5,15.9,152800
2011-04-18 16:00:00-04:00,15.82,15.91,15.52,15.6,203750
2011-04-19 16:00:00-04:00,15.665,15.9696,15.665,15.8,103466
2011-04-20 16:00:00-04:00,15.95,16.005,15.866,15.952,77124
2011-04-21 16:00:00-04:00,16.05,16.05,15.89,16.0,74816
2011-04-25 16:00:00-04:00,16.02,16.25,15.92,16.09,129436
2011-04-26 16:00:00-04:00,16.1,16.42,16.08,16.08,131314
2011-04-27 16:00:00-04:00,16.05,16.29,15.77,15.89,293094
2011-04-28 16:00:00-04:00,15.72,15.91,15.5,15.86,143056
2011-04-29 16:00:00-04:00,14.7,14.98,13.04,13.83,732834
2011-05-02 16:00:00-04:00,13.8,14.34,13.8,14.16,353614
2011-05-03 16:00:00-04:00,14.16,14.24,13.94,14.0,208170
2011-05-04 16:00:00-04:00,13.94,14.34,13.68,13.76,153972
2011-05-05 16:00:00-04:00,13.705,14.46,13.6556,13.985,236850
2011-05-06 16:00:00-04:00,14.1,14.39,13.84,13.91,152854
2011-05-09 16:00:00-04:00,13.82,14.1,13.62,13.74,250206
2011-05-10 16:00:00-04:00,13.74,14.08,13.7,14.04,157050
2011-05-11 16:00:00-04:00,14.04,14.08,13.69,13.83,92514
2011-05-12 16:00:00-04:00,13.8,14.06,13.52,14.0,156366
2011-05-13 16:00:00-04:00,13.96,14.15,13.85,14.14,219132
2011-05-16 16:00:00-04:00,14.1,14.22,13.8,13.95,162602
2011-05-17 16:00:00-04:00,13.98,14.55,13.98,14.5,226910
2011-05-18 16:00:00-04:00,14.56,14.71,14.52,14.61,145602
2011-05-19 16:00:00-04:00,14.685,14.745,14.51,14.62,168410
2011-05-20 16:00:00-04:00,14.55,14.74,14.5,14.62,127448
2011-05-23 16:00:00-04:00,14.42,14.58,14.4,14.5,119946
2011-05-24 16:00:00-04:00,14.55,14.685,14.475,14.625,168690
2011-05-25 16:00:00-04:00,14.66,14.83,14.58,14.62,143906
2011-05-26 16:00:00-04:00,14.54,14.728,14.54,14.65,117176
2011-05-27 16:00:00-04:00,14.66,14.86,14.56,14.62,128190
2011-05-31 16:00:00-04:00,14.7,14.99,14.6,14.95,280888
2011-06-01 16:00:00-04:00,14.96,14.98,14.52,14.62,260186
2011-06-02 16:00:00-04:00,14.66,14.82,14.56,14.63,68774
2011-06-03 16:00:00-04:00,14.5,14.62,14.38,14.48,151258
2011-06-06 16:00:00-04:00,14.59,14.75,14.5,14.59,257514
2011-06-07 16:00:00-04:00,14.65,14.992,14.545,14.6,138366
2011-06-08 16:00:00-04:00,14.54,14.75,14.52,14.58,251140
2011-06-09 16:00:00-04:00,14.66,15.02,14.6,14.92,145810
2011-06-10 16:00:00-04:00,14.795,15.178,14.795,15.0,247236
2011-06-13 16:00:00-04:00,15.01,15.56,15.01,15.47,267352
2011-06-14 16:00:00-04:00,15.665,15.9,15.47,15.735,250896
2011-06-15 16:00:00-04:00,15.69,16.0,15.62,15.74,215058
2011-06-16 16:00:00-04:00,15.76,16.0,15.48,15.9,243438
2011-06-17 16:00:00-04:00,15.96,16.13,15.87,16.08,329384
2011-06-20 16:00:00-04:00,16.08,16.18,15.944,16.09,173800
2011-06-21 16:00:00-04:00,16.185,16.29,15.981,16.145,168758
2011-06-22 16:00:00-04:00,16.12,16.22,16.02,16.1,143036
2011-06-23 16:00:00-04:00,15.98,16.32,15.9,16.16,203050
2011-06-24 16:00:00-04:00,16.15,16.3,15.98,16.28,728696
2011-06-27 16:00:00-04:00,16.22,16.34,16.05,16.16,338004
2011-06-28 16:00:00-04:00,16.14,16.2,16.0,16.02,385162
2011-06-29 16:00:00-04:00,16.02,16.07,15.42,15.48,388466
2011-06-30 16:00:00-04:00,15.5,15.68,15.08,15.2,706496
2011-07-01 16:00:00-04:00,15.22,15.22,14.43,14.93,778046
2011-07-05 16:00:00-04:00,15.0,15.41,14.98,15.39,411342
2011-07-06 16:00:00-04:00,15.32,16.02,15.32,16.0,340212
2011-07-07 16:00:00-04:00,16.08,16.32,15.96,16.26,223946
2011-07-08 16:00:00-04:00,16.16,16.16,15.5,15.76,443412
2011-07-11 16:00:00-04:00,15.58,15.75,15.4,15.73,306930
2011-07-12 16:00:00-04:00,15.65,16.0,15.65,15.88,141764
2011-07-13 16:00:00-04:00,15.95,16.0,15.63,15.7,230728
2011-07-14 16:00:00-04:00,15.72,15.87,15.32,15.41,243222
2011-07-15 16:00:00-04:00,15.26,15.79,14.4,14.66,1037180
2011-07-18 16:00:00-04:00,14.8,14.86,14.56,14.76,375988
2011-07-19 16:00:00-04:00,14.87,15.08,14.74,14.95,225926
2011-07-20 16:00:00-04:00,15.0,15.32,14.35,14.4,370422
2011-07-21 16:00:00-04:00,14.41,14.67,14.33,14.5,281742
2011-07-22 16:00:00-04:00,14.51,14.58,14.1,14.37,374060
2011-07-25 16:00:00-04:00,14.17,14.48,14.12,14.15,198006
2011-07-26 16:00:00-04:00,14.2,14.38,13.94,14.3,242066
2011-07-27 16:00:00-04:00,14.26,14.34,13.81,13.82,260718
2011-07-28 16:00:00-04:00,13.9,14.08,13.69,13.72,209346
2011-07-29 16:00:00-04:00,13.66,14.24,13.4,14.2,292884
2011-08-01 16:00:00-04:00,12.74,12.74,9.8,11.04,2598126
2011-08-02 16:00:00-04:00,10.895,10.695,10.306,10.59,869370
2011-08-03 16:00:00-04:00,10.6,11.13,10.306,11.075,401998
2011-08-04 16:00:00-04:00,11.06,11.22,10.64,10.84,520562
2011-08-05 16:00:00-04:00,10.91,11.16,10.33,10.58,416806
2011-08-08 16:00:00-04:00,10.39,10.7,10.08,10.12,603004
2011-08-09 16:00:00-04:00,10.3,10.93,9.82,10.87,363370
2011-08-10 16:00:00-04:00,10.52,10.68,10.14,10.31,460724
2011-08-11 16:00:00-04:00,10.36,10.9,10.14,10.8,386956
2011-08-12 16:00:00-04:00,10.82,10.94,10.58,10.74,252656
2011-08-15 16:00:00-04:00,10.8,11.45,10.72,11.34,457370
2011-08-16 16:00:00-04:00,11.28,11.72,11.04,11.52,429612
2011-08-17 16:00:00-04:00,11.56,11.56,11.08,11.28,304774
2011-08-18 16:00:00-04:00,11.08,11.15,10.45,10.81,407870
2011-08-19 16:00:00-04:00,10.66,11.22,10.6,11.01,301582
2011-08-22 16:00:00-04:00,11.24,11.47,10.84,10.98,212672
2011-08-23 16:00:00-04:00,10.98,11.53,10.86,11.52,231464
2011-08-24 16:00:00-04:00,11.5,11.68,11.25,11.5,187884
2011-08-25 16:00:00-04:00,11.54,11.68,10.95,11.08,129438
2011-08-26 16:00:00-04:00,11.02,11.42,10.75,11.35,95890
2011-08-29 16:00:00-04:00,11.45,11.72,10.63,11.69,563396
2011-08-30 16:00:00-04:00,11.6,11.74,11.46,11.62,356354
2011-08-31 16:00:00-04:00,11.62,11.74,11.39,11.66,259296
2011-09-01 16:00:00-04:00,11.6,11.69,11.0,11.12,249782
2011-09-02 16:00:00-04:00,10.945,11.018,10.535,10.825,291060
2011-09-06 16:00:00-04:00,10.51,10.93,10.51,10.77,202860
2011-09-07 16:00:00-04:00,10.88,11.36,10.76,11.32,394448
2011-09-08 16:00:00-04:00,11.26,11.44,10.72,10.75,233390
2011-09-09 16:00:00-04:00,10.66,10.66,9.88,10.17,425806
2011-09-12 16:00:00-04:00,10.04,10.24,9.85,10.22,294166
2011-09-13 16:00:00-04:00,10.22,10.52,10.06,10.46,308906
2011-09-14 16:00:00-04:00,10.56,10.62,10.26,10.38,230858
2011-09-15 16:00:00-04:00,10.43,10.62,10.26,10.61,154084
2011-09-16 16:00:00-04:00,10.66,10.66,10.3,10.49,1057184
2011-09-19 16:00:00-04:00,10.36,10.68,10.22,10.56,233618
2011-09-20 16:00:00-04:00,10.58,10.8,10.48,10.48,241384
2011-09-21 16:00:00-04:00,10.5,10.7,10.26,10.31,239632
2011-09-22 16:00:00-04:00,10.07,10.61,10.06,10.28,423142
2011-09-23 16:00:00-04:00,10.28,10.92,10.23,10.9,226240
2011-09-26 16:00:00-04:00,10.98,11.3,10.56,11.28,329256
2011-09-27 16:00:00-04:00,11.44,12.07,11.26,11.76,302256
2011-09-28 16:00:00-04:00,11.73,11.83,11.36,11.4,281138
2011-09-29 16:00:00-04:00,11.57,11.72,11.11,11.56,134580
2011-09-30 16:00:00-04:00,11.44,11.79,11.32,11.56,249412
2011-10-03 16:00:00-04:00,11.46,11.61,10.45,10.46,197190
2011-10-04 16:00:00-04:00,10.46,11.05,10.23,11.04,235218
2011-10-05 16:00:00-04:00,11.03,11.33,10.94,11.18,114118
2011-10-06 16:00:00-04:00,11.12,11.205,10.696,10.825,269028
2011-10-07 16:00:00-04:00,10.86,11.02,10.58,10.8,239320
2011-10-10 16:00:00-04:00,10.97,11.32,10.96,11.3,117730
2011-10-11 16:00:00-04:00,11.18,11.38,11.04,11.16,176318
2011-10-12 16:00:00-04:00,11.21,11.32,11.12,11.28,238236
2011-10-13 16:00:00-04:00,11.19,11.5,11.18,11.49,67232
2011-10-14 16:00:00-04:00,11.56,11.91,11.54,11.86,112982
2011-10-17 16:00:00-04:00,11.74,11.78,11.22,11.29,120578
2011-10-18 16:00:00-04:00,11.34,11.59,11.04,11.5,169450
2011-10-19 16:00:00-04:00,11.51,11.8,11.26,11.34,88960
2011-10-20 16:00:00-04:00,11.34,11.4,10.9,11.04,165766
2011-10-21 16:00:00-04:00,11.22,11.3,11.0,11.24,251968
2011-10-24 16:00:00-04:00,11.24,11.61,11.24,11.57,180852
2011-10-25 16:00:00-04:00,11.56,11.56,11.16,11.22,144770
2011-10-26 16:00:00-04:00,11.37,11.41,11.03,11.26,161612
2011-10-27 16:00:00-04:00,11.6,11.78,11.36,11.76,259872
2011-10-28 16:00:00-04:00,11.485,11.602,11.01,11.36,492312
2011-10-31 16:00:00-04:00,11.215,11.5968,10.945,11.38,221158
2011-11-01 16:00:00-04:00,11.02,11.3,10.82,10.88,213358
2011-11-02 16:00:00-04:00,11.08,11.7,11.08,11.58,271072
2011-11-03 16:00:00-04:00,11.8,12.36,11.54,12.26,666378
2011-11-04 16:00:00-04:00,12.16,12.23,11.71,11.78,209498
2011-11-07 16:00:00-05:00,11.63,11.79,11.12,11.56,160250
2011-11-08 16:00:00-05:00,11.62,12.18,11.58,12.15,241520
2011-11-09 16:00:00-05:00,11.88,11.98,11.44,11.47,207184
2011-11-10 16:00:00-05:00,11.65,11.77,11.38,11.66,155562
2011-11-11 16:00:00-05:00,11.78,12.2,11.75,11.98,155034
2011-11-14 16:00:00-05:00,11.96,12.0,11.72,11.86,113062
2011-11-15 16:00:00-05:00,11.82,12.08,11.78,12.02,177150
2011-11-16 16:00:00-05:00,11.87,12.05,11.45,11.515,155974
2011-11-17 16:00:00-05:00,11.54,11.71,11.15,11.24,105246
2011-11-18 16:00:00-05:00,11.265,11.595,11.15,11.55,115694
2011-11-21 16:00:00-05:00,11.35,11.5,11.3,11.31,114478
2011-11-22 16:00:00-05:00,11.32,11.6,11.21,11.36,117532
2011-11-23 16:00:00-05:00,11.22,11.4,11.19,11.35,239020
2011-11-25 13:00:00-05:00,11.26,11.42,10.9,11.18,134094
2011-11-28 16:00:00-05:00,11.46,11.58,10.83,11.16,291858
2011-11-29 16:00:00-05:00,11.12,11.24,10.83,11.04,95124
2011-11-30 16:00:00-05:00,11.44,11.86,11.4,11.86,272800
2011-12-01 16:00:00-05:00,11.78,12.12,11.78,11.88,159790
2011-12-02 16:00:00-05:00,11.625,12.085,11.558,12.045,185272
2011-12-05 16:00:00-05:00,12.12,12.58,12.12,12.48,259328
2011-12-06 16:00:00-05:00,12.5,12.59,12.28,12.37,175656
2011-12-07 16:00:00-05:00,12.26,12.5,12.02,12.36,162884
2011-12-08 16:00:00-05:00,12.24,12.3,11.89,11.92,177836
2011-12-09 16:00:00-05:00,11.94,12.55,11.94,12.37,126042
2011-12-12 16:00:00-05:00,12.25,12.66,12.0,12.56,212864
2011-12-13 16:00:00-05:00,12.62,12.76,12.12,12.16,163812
2011-12-14 16:00:00-05:00,12.05,12.18,11.92,12.08,132048
2011-12-15 16:00:00-05:00,12.24,12.52,12.2,12.5,122996
2011-12-16 16:00:00-05:00,12.6,12.82,12.2,12.28,466822
2011-12-19 16:00:00-05:00,12.38,12.74,12.3,12.34,194534
2011-12-20 16:00:00-05:00,12.64,12.8,12.56,12.79,157996
2011-12-21 16:00:00-05:00,12.79,12.82,12.56,12.82,167982
2011-12-22 16:00:00-05:00,12.88,13.06,12.81,12.93,226192
2011-12-23 16:00:00-05:00,12.93,13.1,12.87,12.91,57366
2011-12-27 16:00:00-05:00,12.82,12.93,12.46,12.54,137144
2011-12-28 16:00:00-05:00,12.52,12.52,12.11,12.12,154726
2011-12-29 16:00:00-05:00,12.18,12.305,11.725,12.14,181320
2011-12-30 16:00:00-05:00,12.1,12.39,12.08,12.25,143324
2012-01-03 16:00:00-05:00,12.5,12.64,12.12,12.38,166332
2012-01-04 16:00:00-05:00,12.32,12.36,12.06,12.26,120516
2012-01-05 16:00:00-05:00,12.23,12.36,12.12,12.29,83124
2012-01-06 16:00:00-05:00,12.27,12.56,12.12,12.46,76422
2012-01-09 16:00:00-05:00,12.45,12.64,12.16,12.22,120830
2012-01-10 16:00:00-05:00,12.4,12.5,12.24,12.28,62314
2012-01-11 16:00:00-05:00,12.25,12.43,12.23,12.3,87994
2012-01-12 16:00:00-05:00,12.38,12.38,12.18,12.26,90458
2012-01-13 16:00:00-05:00,12.11,12.28,12.0,12.17,117118
2012-01-17 16:00:00-05:00,12.23,12.48,12.23,12.36,161294
2012-01-18 16:00:00-05:00,12.375,12.655,12.232,12.595,115808
2012-01-19 16:00:00-05:00,12.63,12.74,12.34,12.5,158238
2012-01-20 16:00:00-05:00,12.52,12.71,12.34,12.61,71014
2012-01-23 16:00:00-05:00,12.64,12.71,12.48,12.54,75710
2012-01-24 16:00:00-05:00,12.48,12.92,12.43,12.86,115450
2012-01-25 16:00:00-05:00,12.9,13.06,12.71,13.01,100512
2012-01-26 16:00:00-05:00,13.03,13.18,12.8,12.82,93230
2012-01-27 16:00:00-05:00,12.82,13.16,12.76,13.12,103908
2012-01-30 16:00:00-05:00,13.0,13.06,12.8,13.03,82568
2012-01-31 16:00:00-05:00,13.08,13.37,12.94,13.24,119716
2012-02-01 16:00:00-05:00,13.32,13.83,13.24,13.74,116716
2012-02-02 16:00:00-05:00,13.67,13.78,13.25,13.5,151990
2012-02-03 16:00:00-05:00,13.54,14.04,13.36,14.0,185990
2012-02-06 16:00:00-05:00,13.88,14.05,13.71,13.74,110866
2012-02-07 16:00:00-05:00,13.64,13.8,13.52,13.58,96618
2012-02-08 16:00:00-05:00,13.56,13.74,13.38,13.52,54480
2012-02-09 16:00:00-05:00,13.545,13.704,13.45,13.5,70602
2012-02-10 16:00:00-05:00,13.4,13.48,13.24,13.24,52046
2012-02-13 16:00:00-05:00,13.415,13.429,12.905,13.205,187786
2012-02-14 16:00:00-05:00,13.18,13.35,12.98,13.1,223292
2012-02-15 16:00:00-05:00,12.98,13.31,12.83,12.96,185826
2012-02-16 16:00:00-05:00,13.275,13.605,13.046,13.55,211428
2012-02-17 16:00:00-05:00,13.54,13.96,13.52,13.96,167288
2012-02-21 16:00:00-05:00,13.955,14.2486,13.91,14.105,149572
2012-02-22 16:00:00-05:00,14.04,14.26,13.9,14.0,173472
2012-02-23 16:00:00-05:00,13.98,14.38,13.95,14.34,133466
2012-02-24 16:00:00-05:00,14.38,14.8,14.34,14.64,182556
2012-02-27 16:00:00-05:00,14.53,14.7,14.36,14.5,92312
2012-02-28 16:00:00-05:00,14.865,14.865,14.19,14.28,270580
2012-02-29 16:00:00-05:00,14.33,14.38,13.6,13.7,256094
2012-03-01 16:00:00-05:00,13.82,14.06,13.67,13.72,142572
2012-03-02 16:00:00-05:00,13.74,13.74,13.12,13.34,152240
2012-03-05 16:00:00-05:00,13.37,13.8,13.365,13.73,149792
2012-03-06 16:00:00-05:00,13.62,13.95,13.54,13.84,217936
2012-03-07 16:00:00-05:00,13.88,13.88,13.64,13.74,231938
2012-03-08 16:00:00-05:00,13.76,13.8,13.52,13.62,125594
2012-03-09 16:00:00-05:00,13.6,13.96,13.56,13.68,129172
2012-03-12 16:00:00-04:00,13.64,13.77,13.48,13.52,59134
2012-03-13 16:00:00-04:00,13.58,13.8,13.47,13.74,88330
2012-03-14 16:00:00-04:00,13.72,13.74,13.52,13.62,53450
2012-03-15 16:00:00-04:00,13.64,13.64,13.38,13.54,55668
2012-03-16 16:00:00-04:00,13.575,13.605,13.44,13.47,153540
2012-03-19 16:00:00-04:00,13.48,13.83,13.44,13.7,80200
2012-03-20 16:00:00-04:00,13.56,13.61,13.4,13.58,69648
2012-03-21 16:00:00-04:00,13.56,13.74,13.39,13.73,123376
2012-03-22 16:00:00-04:00,13.44,13.67,13.24,13.36,151926
2012-03-23 16:00:00-04:00,13.41,13.58,13.28,13.58,78950
2012-03-26 16:00:00-04:00,13.75,13.78,13.49,13.74,131278
2012-03-27 16:00:00-04:00,13.72,13.75,13.36,13.39,99032
2012-03-28 16:00:00-04:00,13.4,13.52,13.38,13.52,59160
2012-03-29 16:00:00-04:00,13.39,13.6,13.22,13.54,76372
2012-03-30 16:00:00-04:00,13.6,13.66,13.44,13.58,118270
2012-04-02 16:00:00-04:00,13.53,13.84,13.53,13.75,151884
2012-04-03 16:00:00-04:00,13.68,13.78,13.46,13.52,92414
2012-04-04 16:00:00-04:00,13.33,13.41,13.13,13.28,89858
2012-04-05 16:00:00-04:00,13.28,13.66,13.2,13.46,97738
2012-04-09 16:00:00-04:00,13.18,13.42,13.18,13.22,161930
2012-04-10 16:00:00-04:00,13.22,13.22,12.6,12.84,155118
2012-04-11 16:00:00-04:00,12.96,13.08,12.88,13.04,97040
2012-04-12 16:00:00-04:00,13.08,13.24,13.07,13.1,66138
2012-04-13 16:00:00-04:00,13.07,13.07,12.82,13.02,98766
2012-04-16 16:00:00-04:00,13.02,13.22,12.86,13.15,65156
2012-04-17 16:00:00-04:00,13.1,13.5,13.1,13.32,149496
2012-04-18 16:00:00-04:00,13.265,13.317,13.165,13.275,54020
2012-04-19 16:00:00-04:00,13.24,13.32,12.99,13.15,84432
2012-04-20 16:00:00-04:00,13.32,13.32,12.97,13.08,88048
2012-04-23 16:00:00-04:00,12.8,13.14,12.6,12.76,196288
2012-04-24 16:00:00-04:00,12.8,13.27,12.7,13.26,166258
2012-04-25 16:00:00-04:00,13.36,13.54,13.18,13.28,92384
2012-04-26 16:00:00-04:00,13.2,13.41,13.1,13.32,47280
2012-04-27 16:00:00-04:00,13.3,13.5,13.18,13.44,72234
2012-04-30 16:00:00-04:00,13.38,13.38,13.18,13.36,97236
2012-05-01 16:00:00-04:00,13.32,13.75,13.3,13.42,196926
2012-05-02 16:00:00-04:00,13.42,13.74,13.42,13.74,159356
2012-05-03 16:00:00-04:00,13.68,13.68,13.05,13.31,126152
2012-05-04 16:00:00-04:00,13.27,13.32,12.6,12.76,166132
2012-05-07 16:00:00-04:00,12.78,12.96,12.6,12.84,118720
2012-05-08 16:00:00-04:00,12.7,13.12,12.7,13.0,104448
2012-05-09 16:00:00-04:00,12.88,12.96,12.62,12.63,116862
2012-05-10 16:00:00-04:00,12.7,12.73,12.49,12.57,63416
2012-05-11 16:00:00-04:00,12.5,12.57,12.01,12.16,142774
2012-05-14 16:00:00-04:00,12.01,12.04,11.76,11.94,185190
2012-05-15 16:00:00-04:00,11.9,12.15,11.85,12.02,67796
2012-05-16 16:00:00-04:00,12.055,12.225,11.89,11.97,173764
2012-05-17 16:00:00-04:00,12.0,12.1,11.8,11.99,147826
2012-05-18 16:00:00-04:00,11.96,12.06,11.7,11.96,230956
2012-05-21 16:00:00-04:00,11.95,12.22,11.76,12.19,168378
2012-05-22 16:00:00-04:00,12.14,12.6,12.14,12.43,272360
2012-05-23 16:00:00-04:00,12.34,12.55,12.22,12.45,186414
2012-05-24 16:00:00-04:00,12.48,12.48,12.18,12.4,79054
2012-05-25 16:00:00-04:00,12.36,12.47,12.24,12.44,81718
2012-05-29 16:00:00-04:00,12.445,12.664,12.272,12.635,113400
2012-05-30 16:00:00-04:00,12.54,12.68,12.42,12.6,129348
2012-05-31 16:00:00-04:00,12.59,12.74,12.48,12.7,320276
2012-06-01 16:00:00-04:00,12.4,12.66,12.38,12.52,177174
2012-06-04 16:00:00-04:00,12.54,12.82,12.54,12.7,154996
2012-06-05 16:00:00-04:00,12.6,13.0,12.6,13.0,163166
2012-06-06 16:00:00-04:00,13.0,13.58,12.89,13.57,158752
2012-06-07 16:00:00-04:00,13.72,13.74,13.45,13.52,177756
2012-06-08 16:00:00-04:00,13.46,13.7,13.34,13.63,108550
2012-06-11 16:00:00-04:00,13.75,13.75,13.44,13.46,151190
2012-06-12 16:00:00-04:00,13.5,13.68,13.36,13.64,91276
2012-06-13 16:00:00-04:00,13.59,14.0,13.59,13.85,174676
2012-06-14 16:00:00-04:00,13.825,14.045,13.71,13.955,170368
2012-06-15 16:00:00-04:00,13.98,14.04,13.9,13.91,198180
2012-06-18 16:00:00-04:00,13.785,13.992,13.705,13.925,108798
2012-06-19 16:00:00-04:00,13.945,14.0032,13.895,13.965,134220
2012-06-20 16:00:00-04:00,13.92,14.0,13.83,13.94,81038
2012-06-21 16:00:00-04:00,14.0,14.0,13.46,13.5,141194
2012-06-22 16:00:00-04:00,13.62,14.08,13.52,14.06,834850
2012-06-25 16:00:00-04:00,13.78,14.06,13.7,14.02,165398
2012-06-26 16:00:00-04:00,14.0,14.235,13.9325,13.985,219062
2012-06-27 16:00:00-04:00,13.73,14.06,13.53,14.02,232260
2012-06-28 16:00:00-04:00,13.98,14.12,13.87,14.08,218546
2012-06-29 16:00:00-04:00,14.36,14.36,13.96,14.14,404232
2012-07-02 16:00:00-04:00,14.14,14.5,14.09,14.5,719440
2012-07-03 16:00:00-04:00,14.47,14.5,14.29,14.36,1605630
2012-07-05 16:00:00-04:00,14.25,14.28,14.06,14.2,547748
2012-07-06 16:00:00-04:00,14.005,14.148,13.895,13.92,677220
2012-07-09 16:00:00-04:00,13.94,14.22,13.75,13.88,448182
2012-07-10 16:00:00-04:00,13.92,13.96,13.65,13.76,533246
2012-07-11 16:00:00-04:00,13.74,13.74,13.48,13.62,293568
2012-07-12 16:00:00-04:00,13.5,13.81,13.26,13.6,222138
2012-07-13 16:00:00-04:00,13.6,13.9,13.52,13.83,85754
2012-07-16 16:00:00-04:00,13.84,13.98,13.68,13.93,96496
2012-07-17 16:00:00-04:00,14.0,14.36,13.92,14.27,410666
2012-07-18 16:00:00-04:00,14.25,14.382,14.145,14.375,291498
2012-07-19 16:00:00-04:00,14.38,14.38,14.16,14.2,118316
2012-07-20 16:00:00-04:00,14.1,14.18,14.06,14.12,159988
2012-07-23 16:00:00-04:00,13.92,14.08,13.83,13.98,268900
2012-07-24 16:00:00-04:00,14.05,14.08,13.9,14.04,301282
2012-07-25 16:00:00-04:00,14.1,14.31,14.0,14.24,308432
2012-07-26 16:00:00-04:00,14.385,14.44,14.282,14.41,807962
2012-07-27 16:00:00-04:00,14.42,14.5,14.26,14.34,388706
2012-07-30 16:00:00-04:00,14.3,14.44,14.2,14.23,312014
2012-07-31 16:00:00-04:00,14.16,14.39,13.98,14.02,232434
2012-08-01 16:00:00-04:00,14.06,14.18,13.7,13.78,428282
2012-08-02 16:00:00-04:00,14.5,14.62,14.29,14.37,703624
2012-08-03 16:00:00-04:00,14.485,14.845,14.348,14.79,476736
2012-08-06 16:00:00-04:00,14.82,14.96,14.68,14.86,463276
2012-08-07 16:00:00-04:00,14.95,14.95,14.72,14.78,276368
2012-08-08 16:00:00-04:00,14.69,14.78,14.58,14.69,161352
2012-08-09 16:00:00-04:00,14.7,14.7,14.42,14.52,182588
2012-08-10 16:00:00-04:00,14.52,14.52,14.36,14.41,82582
2012-08-13 16:00:00-04:00,14.38,14.47,14.19,14.32,179538
2012-08-14 16:00:00-04:00,14.38,14.39,14.08,14.34,219658
2012-08-15 16:00:00-04:00,14.28,14.56,14.22,14.42,109906
2012-08-16 16:00:00-04:00,14.44,14.5,14.26,14.5,88514
2012-08-17 16:00:00-04:00,14.46,14.52,14.41,14.46,133508
2012-08-20 16:00:00-04:00,14.48,14.6,14.38,14.57,61136
2012-08-21 16:00:00-04:00,14.6,14.96,14.58,14.9,140088
2012-08-22 16:00:00-04:00,14.91,14.96,14.54,14.58,135748
2012-08-23 16:00:00-04:00,14.58,14.66,14.22,14.28,84608
2012-08-24 16:00:00-04:00,14.235,14.625,14.152,14.6,149284
2012-08-27 16:00:00-04:00,14.67,14.84,14.58,14.7,51632
2012-08-28 16:00:00-04:00,14.66,14.82,13.96,14.6,77532
2012-08-29 16:00:00-04:00,14.68,14.84,14.66,14.78,53152
2012-08-30 16:00:00-04:00,14.745,14.835,14.595,14.785,47150
2012-08-31 16:00:00-04:00,14.9,14.9,14.64,14.72,64042
2012-09-04 16:00:00-04:00,14.75,14.99,14.65,14.88,206300
2012-09-05 16:00:00-04:00,14.9,15.0,13.96,14.98,277602
2012-09-06 16:00:00-04:00,15.0,15.06,14.92,15.06,134928
2012-09-07 16:00:00-04:00,15.06,15.08,14.8,14.84,99812
2012-09-10 16:00:00-04:00,14.82,14.99,14.7,14.98,145856
2012-09-11 16:00:00-04:00,14.95,15.0,14.74,14.94,87220
2012-09-12 16:00:00-04:00,14.935,15.025,14.83,15.025,62724
2012-09-13 16:00:00-04:00,15.01,15.25,14.94,15.195,118150
2012-09-14 16:00:00-04:00,15.25,15.25,14.96,15.0,120160
2012-09-17 16:00:00-04:00,14.96,15.02,13.965,14.98,159130
2012-09-18 16:00:00-04:00,14.98,15.0,14.83,14.98,170044
2012-09-19 16:00:00-04:00,14.97,15.0,14.72,15.0,143358
2012-09-20 16:00:00-04:00,14.905,15.04,14.905,15.0,129578
2012-09-21 16:00:00-04:00,15.02,15.1,14.93,15.0,555364
2012-09-24 16:00:00-04:00,14.95,15.24,14.83,15.03,106694
2012-09-25 16:00:00-04:00,15.075,15.3446,14.985,15.0,155298
2012-09-26 16:00:00-04:00,14.97,15.115,14.888,14.975,117604
2012-09-27 16:00:00-04:00,15.0,15.2,14.94,15.15,112546
2012-09-28 16:00:00-04:00,15.055,15.38,15.025,15.302,108564
2012-10-01 16:00:00-04:00,15.38,15.6,15.38,15.5,100782
2012-10-02 16:00:00-04:00,15.57,15.625,15.3888,15.46,104640
2012-10-03 16:00:00-04:00,15.51,15.6,15.31,15.36,94430
2012-10-04 16:00:00-04:00,15.43,15.43,15.23,15.325,140820
2012-10-05 16:00:00-04:00,15.42,15.6,15.32,15.42,85282
2012-10-08 16:00:00-04:00,15.365,15.44,15.2512,15.335,74374
2012-10-09 16:00:00-04:00,15.4,15.4,15.19,15.24,154636
2012-10-10 16:00:00-04:00,15.31,15.44,15.17,15.31,51890
2012-10-11 16:00:00-04:00,15.37,15.58,15.2,15.3,168094
2012-10-12 16:00:00-04:00,15.34,15.422,15.145,15.33,117234
2012-10-15 16:00:00-04:00,15.3,15.42,15.22,15.34,156082
2012-10-16 16:00:00-04:00,15.405,15.405,14.87,15.045,249916
2012-10-17 16:00:00-04:00,15.08,15.14,14.88,15.14,150778
2012-10-18 16:00:00-04:00,15.16,15.4,14.64,14.73,165854
2012-10-19 16:00:00-04:00,14.66,14.77,14.56,14.68,127382
2012-10-22 16:00:00-04:00,14.62,14.94,14.58,14.92,74300
2012-10-23 16:00:00-04:00,14.84,15.0,14.74,14.98,147392
2012-10-24 16:00:00-04:00,14.98,15.26,14.8,14.94,127808
2012-10-25 16:00:00-04:00,14.98,15.1,14.69,14.82,121082
2012-10-26 16:00:00-04:00,14.78,14.85,14.62,14.75,66094
2012-10-31 16:00:00-04:00,14.72,14.72,14.49,14.58,104438
2012-11-01 16:00:00-04:00,14.57,14.96,14.34,14.9,228558
2012-11-02 16:00:00-04:00,14.94,14.94,14.36,14.48,146058
2012-11-05 16:00:00-05:00,14.55,14.67,14.44,14.57,98662
2012-11-06 16:00:00-05:00,14.69,14.72,14.32,14.54,87548
2012-11-07 16:00:00-05:00,14.44,14.6,14.08,14.28,115190
2012-11-08 16:00:00-05:00,14.32,14.37,13.76,13.78,159024
2012-11-09 16:00:00-05:00,13.66,13.8,13.48,13.62,115650
2012-11-12 16:00:00-05:00,13.62,13.82,13.08,13.78,101970
2012-11-13 16:00:00-05:00,13.75,13.8,12.68,13.66,81352
2012-11-14 16:00:00-05:00,13.65,13.9954,13.52,13.59,149666
2012-11-15 16:00:00-05:00,13.55,13.67,13.37,13.48,103876
2012-11-16 16:00:00-05:00,13.42,13.42,12.96,13.1,180842
2012-11-19 16:00:00-05:00,13.205,13.525,13.032,13.525,107736
2012-11-20 16:00:00-05:00,13.46,13.46,13.28,13.4,31868
2012-11-21 16:00:00-05:00,13.44,13.44,13.25,13.42,41988
2012-11-23 13:00:00-05:00,13.41,13.44,13.28,13.3,76450
2012-11-26 16:00:00-05:00,13.3,13.38,12.93,13.0,230354
2012-11-27 16:00:00-05:00,13.04,13.18,12.74,12.79,215066
2012-11-28 16:00:00-05:00,12.71,12.75,12.486,12.74,99774
2012-11-29 16:00:00-05:00,12.76,12.99,12.72,12.96,191770
2012-11-30 16:00:00-05:00,12.96,12.96,12.8,12.9,187924
2012-12-03 16:00:00-05:00,12.97,13.18,12.92,13.07,134042
2012-12-04 16:00:00-05:00,13.04,13.04,12.79,12.84,114142
2012-12-05 16:00:00-05:00,12.92,13.48,12.87,13.37,282502
2012-12-06 16:00:00-05:00,13.405,13.67,13.21,13.3046,166222
2012-12-07 16:00:00-05:00,13.29,13.4799,13.14,13.26,76244
2012-12-10 16:00:00-05:00,13.31,13.42,13.12,13.24,285478
2012-12-11 16:00:00-05:00,13.26,13.45,13.2,13.33,109004
2012-12-12 16:00:00-05:00,13.32,13.5,13.23,13.36,158708
2012-12-13 16:00:00-05:00,13.32,13.44,13.15,13.4,187334
2012-12-14 16:00:00-05:00,13.4,13.46,13.32,13.4,169024
2012-12-17 16:00:00-05:00,13.41,13.5,13.322,13.495,94742
2012-12-18 16:00:00-05:00,13.5,13.875,13.365,13.7354,133568
2012-12-19 16:00:00-05:00,13.7225,13.88,13.65,13.8194,62624
2012-12-20 16:00:00-05:00,13.775,14.114,13.7,13.935,135288
2012-12-21 16:00:00-05:00,14.04,14.04,13.74,13.99,702788
2012-12-24 13:00:00-05:00,13.845,14.01,12.975,14.01,56464
2012-12-26 16:00:00-05:00,14.0,14.21,13.94,14.04,143346
2012-12-27 16:00:00-05:00,14.07,14.1,13.82,14.01,113990
2012-12-28 16:00:00-05:00,13.955,14.09,13.78,13.8,78560
2012-12-31 16:00:00-05:00,13.72,13.86,13.5,13.58,205462
2013-01-02 16:00:00-05:00,13.88,14.2,13.84,14.08,147270
2013-01-03 16:00:00-05:00,14.06,14.22,13.83,13.9,78522
2013-01-04 16:00:00-05:00,13.98,13.98,13.77,13.87,95618
2013-01-07 16:00:00-05:00,13.8,14.02,13.77,14.02,43676
2013-01-08 16:00:00-05:00,13.96,14.22,13.96,14.05,90002
2013-01-09 16:00:00-05:00,14.09,14.28,13.98,14.2,63874
2013-01-10 16:00:00-05:00,14.26,14.26,13.98,14.16,39636
2013-01-11 16:00:00-05:00,14.22,14.32,14.1,14.16,54494
2013-01-14 16:00:00-05:00,14.11,14.3,13.97,13.995,30976
2013-01-15 16:00:00-05:00,13.95,14.09,13.82,13.99,65346
2013-01-16 16:00:00-05:00,13.96,14.0,13.85,13.96,107440
2013-01-17 16:00:00-05:00,14.02,14.35,13.92,14.17,156090
2013-01-18 16:00:00-05:00,14.13,14.35,14.11,14.32,81856
2013-01-22 16:00:00-05:00,14.28,14.42,14.2,14.42,91336
2013-01-23 16:00:00-05:00,14.44,14.44,14.24,14.32,85984
2013-01-24 16:00:00-05:00,14.31,14.4,14.2,14.21,189740
2013-01-25 16:00:00-05:00,14.25,14.34,14.08,14.3,154730
2013-01-28 16:00:00-05:00,14.34,14.61,14.3,14.54,253206
2013-01-29 16:00:00-05:00,14.49,14.49,14.3,14.38,172888
2013-01-30 16:00:00-05:00,14.34,14.34,14.1,14.21,81918
2013-01-31 16:00:00-05:00,14.22,14.34,13.98,14.28,193504
2013-02-01 16:00:00-05:00,14.3,14.5,14.15,14.44,207212
2013-02-04 16:00:00-05:00,14.34,14.38,14.26,14.36,187940
2013-02-05 16:00:00-05:00,14.44,14.64,14.35,14.52,107892
2013-02-06 16:00:00-05:00,14.47,14.6,14.36,14.56,67208
2013-02-07 16:00:00-05:00,14.54,14.77,14.38,14.62,127296
2013-02-08 16:00:00-05:00,14.61,15.0,14.61,14.74,93434
2013-02-11 16:00:00-05:00,14.75,14.93,14.64,14.85,99472
2013-02-12 16:00:00-05:00,14.9,14.9,14.61,14.68,200580
2013-02-13 16:00:00-05:00,14.5458,14.82,14.45,14.7,153814
2013-02-14 16:00:00-05:00,14.88,15.51,14.62,15.14,371510
2013-02-15 16:00:00-05:00,15.23,15.558,14.97,15.465,168406
2013-02-19 16:00:00-05:00,15.5,15.98,15.36,15.98,380432
2013-02-20 16:00:00-05:00,15.94,16.08,15.9,15.95,270196
2013-02-21 16:00:00-05:00,15.95,16.37,15.84,16.3,188308
2013-02-22 16:00:00-05:00,16.44,16.72,16.28,16.38,315006
2013-02-25 16:00:00-05:00,16.39,16.5,15.88,15.94,354518
2013-02-26 16:00:00-05:00,16.06,16.28,15.91,16.04,262020
2013-02-27 16:00:00-05:00,16.05,16.19,15.89,16.02,143194
2013-02-28 16:00:00-05:00,16.0,16.0,15.56,15.66,204752
2013-03-01 16:00:00-05:00,15.56,15.98,15.42,15.9,160798
2013-03-04 16:00:00-05:00,15.83,15.87,15.45,15.68,197932
2013-03-05 16:00:00-05:00,15.75,16.24,15.74,16.13,152842
2013-03-06 16:00:00-05:00,16.12,16.22,15.96,16.02,47574
2013-03-07 16:00:00-05:00,16.0,16.12,15.98,16.04,60772
2013-03-08 16:00:00-05:00,16.16,16.16,15.89,16.04,59978
2013-03-11 16:00:00-04:00,15.94,16.06,15.85,15.94,72216
2013-03-12 16:00:00-04:00,16.14,16.41,15.88,16.19,138266
2013-03-13 16:00:00-04:00,16.14,16.38,16.14,16.24,64426
2013-03-14 16:00:00-04:00,16.34,16.5,16.24,16.42,61038
2013-03-15 16:00:00-04:00,16.46,16.46,16.22,16.34,164538
2013-03-18 16:00:00-04:00,16.23,16.29,16.04,16.08,54892
2013-03-19 16:00:00-04:00,16.07,16.41,16.06,16.4,134444
2013-03-20 16:00:00-04:00,16.52,16.7,16.06,16.15,86314
2013-03-21 16:00:00-04:00,16.02,16.16,15.78,15.94,85000
2013-03-22 16:00:00-04:00,16.03,16.03,15.9,15.98,103630
2013-03-25 16:00:00-04:00,16.06,16.215,15.905,16.17,81992
2013-03-26 16:00:00-04:00,16.25,16.6,16.1,16.58,132994
2013-03-27 16:00:00-04:00,16.38,16.82,16.36,16.7,208528
2013-03-28 16:00:00-04:00,16.765,16.85,16.5308,16.7,139948
2013-04-01 16:00:00-04:00,16.665,16.76,16.24,16.755,190866
2013-04-02 16:00:00-04:00,16.86,16.91,16.5,16.6,134710
2013-04-03 16:00:00-04:00,16.49,16.585,16.222,16.395,140856
2013-04-04 16:00:00-04:00,16.46,16.69,16.32,16.67,89980
2013-04-05 16:00:00-04:00,16.42,16.81,16.42,16.63,144878
2013-04-08 16:00:00-04:00,16.72,16.72,16.46,16.64,46558
2013-04-09 16:00:00-04:00,16.654,16.735,16.435,16.6,154024
2013-04-10 16:00:00-04:00,16.58,17.09,16.51,17.02,126548
2013-04-11 16:00:00-04:00,17.14,17.4,17.12,17.16,104748
2013-04-12 16:00:00-04:00,17.12,17.935,16.857,17.81,254664
2013-04-15 16:00:00-04:00,17.75,17.77,16.88,16.935,182592
2013-04-16 16:00:00-04:00,17.04,17.46,16.84,17.42,119944
2013-04-17 16:00:00-04:00,17.25,17.31,16.65,17.08,178648
2013-04-18 16:00:00-04:00,17.1,17.3,16.66,17.1,142078
2013-04-19 16:00:00-04:00,17.1,17.52,15.78,17.47,104322
2013-04-22 16:00:00-04:00,17.46,17.46,16.74,17.32,97346
2013-04-23 16:00:00-04:00,17.32,17.34,17.02,17.16,99048
2013-04-24 16:00:00-04:00,17.125,17.28,17.008,17.2,163190
2013-04-25 16:00:00-04:00,17.18,17.32,17.08,17.27,154270
2013-04-26 16:00:00-04:00,17.27,17.31,17.04,17.2,101100
2013-04-29 16:00:00-04:00,17.21,17.41,17.1988,17.31,77224
2013-04-30 16:00:00-04:00,17.35,17.56,17.24,17.44,76102
2013-05-01 16:00:00-04:00,17.44,17.46,16.6,16.64,148572
2013-05-02 16:00:00-04:00,16.67,16.96,16.44,16.51,150468
2013-05-03 16:00:00-04:00,16.74,17.06,16.56,16.82,153796
2013-05-06 16:00:00-04:00,16.86,16.9,16.57,16.625,113136
2013-05-07 16:00:00-04:00,16.695,16.8041,16.555,16.785,74750
2013-05-08 16:00:00-04:00,16.8,17.28,16.66,17.21,139900
2013-05-09 16:00:00-04:00,17.14,17.36,16.99,17.14,61624
2013-05-10 16:00:00-04:00,17.11,17.56,16.96,17.47,80530
2013-05-13 16:00:00-04:00,17.3652,17.3652,16.81,16.935,91664
2013-05-14 16:00:00-04:00,16.9,17.52,16.89,17.44,189380
2013-05-15 16:00:00-04:00,17.36,17.84,17.32,17.78,152958
2013-05-16 16:00:00-04:00,17.74,18.1,17.68,17.94,162448
2013-05-17 16:00:00-04:00,18.07,18.42,18.07,18.34,153566
2013-05-20 16:00:00-04:00,18.36,18.38,18.0,18.17,152788
2013-05-21 16:00:00-04:00,18.12,18.5,18.12,18.24,99290
2013-05-22 16:00:00-04:00,18.2,18.4,17.63,17.84,114166
2013-05-23 16:00:00-04:00,17.67,18.13,17.67,18.11,113582
2013-05-24 16:00:00-04:00,18.08,18.36,18.0,18.32,43034
2013-05-28 16:00:00-04:00,18.435,19.04,18.25,18.73,142234
2013-05-29 16:00:00-04:00,18.59,18.652,18.068,18.36,93702
2013-05-30 16:00:00-04:00,18.34,18.48,18.0,18.21,100446
2013-05-31 16:00:00-04:00,18.075,18.415,17.9702,18.035,95804
2013-06-03 16:00:00-04:00,17.955,18.35,17.765,17.995,275764
2013-06-04 16:00:00-04:00,18.0,18.7,17.68,18.03,422210
2013-06-05 16:00:00-04:00,18.065,18.145,17.64,17.675,104916
2013-06-06 16:00:00-04:00,17.74,17.92,17.73,17.9,200466
2013-06-07 16:00:00-04:00,18.04,18.18,17.94,17.96,68640
2013-06-10 16:00:00-04:00,18.08,18.12,17.92,18.07,84562
2013-06-11 16:00:00-04:00,17.9,18.05,17.8,17.9,92156
2013-06-12 16:00:00-04:00,17.91,18.09,17.79,17.86,58892
2013-06-13 16:00:00-04:00,17.9,17.96,17.62,17.93,147340
2013-06-14 16:00:00-04:00,17.96,18.02,17.7,17.75,139536
2013-06-17 16:00:00-04:00,17.92,18.04,17.86,18.03,180064
2013-06-18 16:00:00-04:00,18.1,18.44,18.02,18.32,216980
2013-06-19 16:00:00-04:00,18.27,18.42,17.99,18.0,108666
2013-06-20 16:00:00-04:00,17.76,17.96,17.7,17.8,112434
2013-06-21 16:00:00-04:00,17.855,17.998,17.735,17.785,235638
2013-06-24 16:00:00-04:00,17.71,17.9,17.53,17.54,146238
2013-06-25 16:00:00-04:00,17.66,17.7,17.51,17.62,102412
2013-06-26 16:00:00-04:00,17.66,17.74,17.37,17.58,91160
2013-06-27 16:00:00-04:00,17.71,18.2238,17.585,17.975,149356
2013-06-28 16:00:00-04:00,17.89,17.94,17.6,17.61,793442
2013-07-01 16:00:00-04:00,17.68,18.16,17.62,17.88,144310
2013-07-02 16:00:00-04:00,17.925,18.055,17.8152,17.945,165828
2013-07-03 16:00:00-04:00,17.82,18.0,17.74,17.81,53628
2013-07-05 16:00:00-04:00,18.09,18.09,17.822,17.95,145056
2013-07-08 16:00:00-04:00,18.0,18.11,17.86,17.92,148788
2013-07-09 16:00:00-04:00,18.04,18.6,18.04,18.4,204366
2013-07-10 16:00:00-04:00,18.34,18.54,18.2,18.3,209058
2013-07-11 16:00:00-04:00,18.42,18.98,18.36,18.93,127342
2013-07-12 16:00:00-04:00,19.0,19.36,19.0,19.13,100092
2013-07-15 16:00:00-04:00,19.24,19.52,19.24,19.3,87044
2013-07-16 16:00:00-04:00,19.3,19.5,19.28,19.4,85158
2013-07-17 16:00:00-04:00,19.48,19.6,19.26,19.3,48760
2013-07-18 16:00:00-04:00,19.4,19.59,19.28,19.54,59676
2013-07-19 16:00:00-04:00,19.54,19.54,19.16,19.38,95046
2013-07-22 16:00:00-04:00,19.28,19.58,19.28,19.54,80650
2013-07-23 16:00:00-04:00,19.53,19.54,19.32,19.42,94228
2013-07-24 16:00:00-04:00,19.5,19.59,19.22,19.34,81432
2013-07-25 16:00:00-04:00,19.24,19.41,19.17,19.38,214568
2013-07-26 16:00:00-04:00,19.2,19.21,18.92,19.1,59986
2013-07-29 16:00:00-04:00,19.0,19.36,18.63,19.15,101894
2013-07-30 16:00:00-04:00,19.17,19.38,18.84,19.24,77428
2013-07-31 16:00:00-04:00,19.25,19.4,19.04,19.12,207370
2013-08-01 16:00:00-04:00,19.2,19.56,19.06,19.42,99490
2013-08-02 16:00:00-04:00,19.42,19.82,19.36,19.44,115082
2013-08-05 16:00:00-04:00,19.38,19.82,19.38,19.8,81038
2013-08-06 16:00:00-04:00,19.69,19.8025,18.75,19.52,165932
2013-08-07 16:00:00-04:00,19.5,19.608,19.19,19.28,259630
2013-08-08 16:00:00-04:00,19.42,19.42,18.53,18.76,278046
2013-08-09 16:00:00-04:00,18.77,19.08,18.58,18.86,193988
2013-08-12 16:00:00-04:00,18.82,19.08,18.7,19.0,180190
2013-08-13 16:00:00-04:00,18.98,19.27,18.92,19.14,106254
2013-08-14 16:00:00-04:00,19.09,19.24,19.08,19.14,93228
2013-08-15 16:00:00-04:00,18.94,19.1,18.79,19.04,237890
2013-08-16 16:00:00-04:00,19.0,19.073,18.925,19.02,99014
2013-08-19 16:00:00-04:00,18.92,19.15,18.92,19.0,96538
2013-08-20 16:00:00-04:00,19.035,19.425,19.006,19.34,174262
2013-08-21 16:00:00-04:00,19.22,19.44,19.08,19.12,109808
2013-08-22 16:00:00-04:00,19.12,19.34,19.1,19.24,138894
2013-08-23 16:00:00-04:00,19.24,19.42,19.19,19.36,76576
2013-08-26 16:00:00-04:00,19.355,19.615,19.286,19.375,151420
2013-08-27 16:00:00-04:00,19.2,19.5,19.2,19.38,193892
2013-08-28 16:00:00-04:00,19.32,19.44,19.32,19.38,123090
2013-08-29 16:00:00-04:00,19.28,19.71,19.28,19.66,81422
2013-08-30 16:00:00-04:00,19.575,19.698,19.125,19.325,163666
2013-09-03 16:00:00-04:00,19.52,19.7,19.15,19.68,138608
2013-09-04 16:00:00-04:00,19.4,19.62,19.4,19.54,142046
2013-09-05 16:00:00-04:00,19.5,19.66,19.3,19.46,126046
2013-09-06 16:00:00-04:00,19.58,19.66,19.32,19.6,134272
2013-09-09 16:00:00-04:00,19.695,19.7344,19.52,19.65,96676
2013-09-10 16:00:00-04:00,19.705,20.0,19.472,19.96,129252
2013-09-11 16:00:00-04:00,19.965,20.138,19.86,20.0,80190
2013-09-12 16:00:00-04:00,19.94,20.0,19.69,19.9,127038
2013-09-13 16:00:00-04:00,20.0,20.16,19.81,20.0,72406
2013-09-16 16:00:00-04:00,19.76,20.25,19.76,20.08,113846
2013-09-17 16:00:00-04:00,20.08,20.71,19.97,20.67,122502
2013-09-18 16:00:00-04:00,20.67,20.67,20.16,20.5,110714
2013-09-19 16:00:00-04:00,20.61,20.655,20.48,20.65,61366
2013-09-20 16:00:00-04:00,20.665,20.915,20.466,20.725,525294
2013-09-23 16:00:00-04:00,20.725,21.13,20.443,21.085,82972
2013-09-24 16:00:00-04:00,21.07,21.12,20.67,20.76,93382
2013-09-25 16:00:00-04:00,20.76,20.9,20.69,20.81,233758
2013-09-26 16:00:00-04:00,20.82,20.82,20.49,20.74,232794
2013-09-27 16:00:00-04:00,20.56,20.74,20.56,20.66,83004
2013-09-30 16:00:00-04:00,20.44,20.65,20.09,20.56,280216
2013-10-01 16:00:00-04:00,20.48,20.96,20.33,20.84,177148
2013-10-02 16:00:00-04:00,20.67,20.86,20.46,20.8,65286
2013-10-03 16:00:00-04:00,20.7,20.82,20.45,20.76,59738
2013-10-04 16:00:00-04:00,20.69,21.22,20.66,21.02,96592
2013-10-07 16:00:00-04:00,20.86,20.96,20.68,20.79,46592
2013-10-08 16:00:00-04:00,20.72,20.85,20.48,20.54,211832
2013-10-09 16:00:00-04:00,20.56,20.82,20.36,20.72,127562
2013-10-10 16:00:00-04:00,20.925,20.925,20.628,20.75,202504
2013-10-11 16:00:00-04:00,20.74,20.82,20.72,20.78,158268
2013-10-14 16:00:00-04:00,20.66,21.14,20.46,21.14,94320
2013-10-15 16:00:00-04:00,21.01,21.18,20.88,20.96,55218
2013-10-16 16:00:00-04:00,21.04,21.345,20.802,21.305,60380
2013-10-17 16:00:00-04:00,21.26,21.96,21.22,21.94,101322
2013-10-18 16:00:00-04:00,22.15,22.48,21.8,21.92,146000
2013-10-21 16:00:00-04:00,21.86,22.0,21.62,21.72,84918
2013-10-22 16:00:00-04:00,21.62,21.88,21.51,21.7,51044
2013-10-23 16:00:00-04:00,21.38,21.6,21.0,21.3,125934
2013-10-24 16:00:00-04:00,21.3,21.3,21.02,21.12,91638
2013-10-25 16:00:00-04:00,21.22,21.25,19.8,21.21,86772
2013-10-28 16:00:00-04:00,21.18,21.42,21.06,21.3,73886
2013-10-29 16:00:00-04:00,21.46,21.72,20.82,21.06,163172
2013-10-30 16:00:00-04:00,21.01,21.318,20.8126,21.13,89564
2013-10-31 16:00:00-04:00,21.08,21.56,21.08,21.29,135302
2013-11-01 16:00:00-04:00,21.22,21.29,20.81,20.9,177340
2013-11-04 16:00:00-05:00,21.04,21.5,20.02,21.4,122376
2013-11-05 16:00:00-05:00,21.24,21.44,20.96,21.34,90172
2013-11-06 16:00:00-05:00,21.32,21.32,20.92,21.08,64352
2013-11-07 16:00:00-05:00,21.26,21.26,20.74,20.82,82440
2013-11-08 16:00:00-05:00,20.58,22.68,20.4,21.81,408038
2013-11-11 16:00:00-05:00,21.94,21.94,21.18,21.2,212822
2013-11-12 16:00:00-05:00,21.085,21.482,20.9,21.3,108490
2013-11-13 16:00:00-05:00,21.23,21.464,21.09,21.265,98390
2013-11-14 16:00:00-05:00,21.32,21.4,21.15,21.25,73898
2013-11-15 16:00:00-05:00,21.2,21.3152,20.98,21.07,198268
2013-11-18 16:00:00-05:00,21.18,21.28,21.0,21.18,137150
2013-11-19 16:00:00-05:00,21.23,21.32,20.8,21.06,153982
2013-11-20 16:00:00-05:00,21.08,21.39,21.06,21.24,81802
2013-11-21 16:00:00-05:00,21.32,21.7,21.25,21.57,146250
2013-11-22 16:00:00-05:00,21.64,21.82,21.3,21.68,124234
2013-11-25 16:00:00-05:00,21.725,21.92,21.36,21.52,87178
2013-11-26 16:00:00-05:00,21.52,22.5,21.4,22.24,140744
2013-11-27 16:00:00-05:00,22.3,22.5,22.22,22.48,96602
2013-11-29 16:00:00-05:00,22.53,22.68,22.4,22.58,85934
2013-12-02 16:00:00-05:00,22.64,23.16,22.48,23.04,282986
2013-12-03 16:00:00-05:00,23.08,23.2,22.68,22.88,421642
2013-12-04 16:00:00-05:00,22.73,22.73,22.22,22.38,353616
2013-12-05 16:00:00-05:00,22.42,22.5,22.38,22.48,46812
2013-12-06 16:00:00-05:00,22.54,22.63,22.36,22.42,150324
2013-12-09 16:00:00-05:00,22.5,22.64,22.04,22.28,213986
2013-12-10 16:00:00-05:00,22.0,22.395,22.0,22.175,226972
2013-12-11 16:00:00-05:00,22.24,22.4,22.24,22.3,199766
2013-12-12 16:00:00-05:00,22.255,22.54,22.163,22.425,222708
2013-12-13 16:00:00-05:00,22.47,22.6,22.24,22.25,197892
2013-12-16 16:00:00-05:00,22.26,22.6,22.22,22.54,145540
2013-12-17 16:00:00-05:00,22.6,22.6,21.94,22.03,211316
2013-12-18 16:00:00-05:00,22.12,22.4,21.8,22.03,203746
2013-12-19 16:00:00-05:00,22.1,22.21,21.8,21.98,179418
2013-12-20 16:00:00-05:00,22.0,22.55,21.95,22.38,507954
2013-12-23 16:00:00-05:00,22.5,22.75,22.46,22.72,287778
2013-12-24 16:00:00-05:00,22.77,22.9,22.69,22.82,307512
2013-12-26 16:00:00-05:00,22.84,22.88,22.52,22.64,131808
2013-12-27 16:00:00-05:00,22.635,22.892,22.366,22.57,265436
2013-12-30 16:00:00-05:00,22.5,22.5,22.23,22.32,188030
2013-12-31 16:00:00-05:00,22.38,22.52,22.04,22.14,227246
2014-01-02 16:00:00-05:00,22.14,22.35,21.96,22.22,172822
2014-01-03 16:00:00-05:00,22.22,22.58,22.12,22.46,222766
2014-01-06 16:00:00-05:00,22.475,22.515,22.015,22.095,155402
2014-01-07 16:00:00-05:00,22.1,22.64,22.04,22.36,261180
2014-01-08 16:00:00-05:00,22.23,22.48,22.13,22.33,249078
2014-01-09 16:00:00-05:00,22.35,22.62,22.28,22.53,157692
2014-01-10 16:00:00-05:00,22.57,22.57,22.34,22.5,87562
2014-01-13 16:00:00-05:00,22.5,22.66,22.1,22.36,196166
2014-01-14 16:00:00-05:00,22.51,22.52,22.36,22.41,150952
2014-01-15 16:00:00-05:00,22.4,22.54,22.2,22.36,111552
2014-01-16 16:00:00-05:00,22.34,22.74,22.24,22.36,112876
2014-01-17 16:00:00-05:00,22.26,22.55,22.12,22.19,107438
2014-01-21 16:00:00-05:00,22.24,22.34,22.0,22.07,85434
2014-01-22 16:00:00-05:00,22.16,22.24,21.8,21.93,126348
2014-01-23 16:00:00-05:00,21.86,22.08,21.73,21.92,197066
2014-01-24 16:00:00-05:00,21.75,21.984,21.25,21.47,125066
2014-01-27 16:00:00-05:00,21.41,21.612,21.12,21.16,132660
2014-01-28 16:00:00-05:00,21.14,21.42,21.14,21.39,132360
2014-01-29 16:00:00-05:00,21.24,21.4,20.15,21.09,155440
2014-01-30 16:00:00-05:00,21.22,21.42,21.04,21.15,150218
2014-01-31 16:00:00-05:00,20.84,21.3,20.74,20.96,236354
2014-02-03 16:00:00-05:00,20.84,20.84,20.1,20.34,248866
2014-02-04 16:00:00-05:00,20.36,20.36,19.92,20.08,134674
2014-02-05 16:00:00-05:00,20.0,20.0,19.48,19.65,191484
2014-02-06 16:00:00-05:00,19.6,19.74,19.34,19.54,201712
2014-02-07 16:00:00-05:00,19.54,19.55,19.25,19.32,164982
2014-02-10 16:00:00-05:00,19.295,19.53,19.0979,19.41,151466
2014-02-11 16:00:00-05:00,19.47,19.92,19.42,19.86,289286
2014-02-12 16:00:00-05:00,19.97,20.11,19.685,19.808,106960
2014-02-13 16:00:00-05:00,19.8,20.36,19.8,20.2,208030
2014-02-14 16:00:00-05:00,20.205,20.205,19.2206,19.62,350178
2014-02-18 16:00:00-05:00,19.6,19.75,19.21,19.24,312768
2014-02-19 16:00:00-05:00,19.25,19.65,19.25,19.36,217596
2014-02-20 16:00:00-05:00,19.42,19.58,19.34,19.5,88864
2014-02-21 16:00:00-05:00,19.44,19.58,19.14,19.16,303788
2014-02-24 16:00:00-05:00,19.18,19.7,19.18,19.62,213388
2014-02-25 16:00:00-05:00,19.675,19.8193,19.2005,19.36,181982
2014-02-26 16:00:00-05:00,19.32,19.63,19.18,19.62,148130
2014-02-27 16:00:00-05:00,19.62,19.8,19.6,19.8,100032
2014-02-28 16:00:00-05:00,19.87,19.93,19.692,19.8,136936
2014-03-03 16:00:00-05:00,19.66,19.94,19.62,19.9,158132
2014-03-04 16:00:00-05:00,20.05,21.04,20.04,20.76,314898
2014-03-05 16:00:00-05:00,20.68,21.04,20.63,21.01,193076
2014-03-06 16:00:00-05:00,21.0,21.22,20.85,21.1,195388
2014-03-07 16:00:00-05:00,21.27,21.469,21.0,21.085,123926
2014-03-10 16:00:00-04:00,20.95,21.25,20.88,21.24,135724
2014-03-11 16:00:00-04:00,21.32,21.52,20.86,20.96,111554
2014-03-12 16:00:00-04:00,20.92,20.985,20.581,20.74,114708
2014-03-13 16:00:00-04:00,20.8,20.8,20.21,20.28,134174
2014-03-14 16:00:00-04:00,20.22,20.54,20.22,20.42,120478
2014-03-17 16:00:00-04:00,20.54,20.72,20.52,20.69,94180
2014-03-18 16:00:00-04:00,20.74,21.2,20.68,21.2,159956
2014-03-19 16:00:00-04:00,21.18,21.315,21.086,21.26,113410
2014-03-20 16:00:00-04:00,21.3,21.54,21.3,21.5,114042
2014-03-21 16:00:00-04:00,21.65,22.17,21.65,22.03,490956
2014-03-24 16:00:00-04:00,22.0,22.54,21.5,21.64,113660
2014-03-25 16:00:00-04:00,21.75,21.75,21.32,21.46,114850
2014-03-26 16:00:00-04:00,21.515,21.614,21.375,21.4,147482
2014-03-27 16:00:00-04:00,21.45,21.66,21.41,21.62,196552
2014-03-28 16:00:00-04:00,21.62,21.97,21.56,21.66,143344
2014-03-31 16:00:00-04:00,21.82,21.87,21.56,21.82,169046
2014-04-01 16:00:00-04:00,21.75,22.06,21.75,22.02,156232
2014-04-02 16:00:00-04:00,22.08,22.32,22.04,22.12,242176
2014-04-03 16:00:00-04:00,22.14,22.14,21.81,21.95,148534
2014-04-04 16:00:00-04:00,22.115,22.115,21.318,21.455,143636
2014-04-07 16:00:00-04:00,21.42,21.59,21.22,21.5,240472
2014-04-08 16:00:00-04:00,21.5,21.875,21.418,21.625,133296
2014-04-09 16:00:00-04:00,21.74,21.74,21.24,21.64,195666
2014-04-10 16:00:00-04:00,21.6,21.76,21.24,21.34,359010
2014-04-11 16:00:00-04:00,21.16,21.46,21.04,21.16,138562
2014-04-14 16:00:00-04:00,21.36,21.484,21.105,21.235,105724
2014-04-15 16:00:00-04:00,21.26,21.5,21.08,21.31,175152
2014-04-16 16:00:00-04:00,21.44,21.44,21.02,21.06,154616
2014-04-17 16:00:00-04:00,21.06,21.37,21.0,21.2,84738
2014-04-21 16:00:00-04:00,21.29,21.36,21.17,21.32,69504
2014-04-22 16:00:00-04:00,21.37,21.72,21.3,21.64,291912
2014-04-23 16:00:00-04:00,21.64,21.74,21.5,21.52,108830
2014-04-24 16:00:00-04:00,21.62,21.84,21.42,21.8,145910
2014-04-25 16:00:00-04:00,21.64,21.9,21.6,21.82,196366
2014-04-28 16:00:00-04:00,21.97,21.992,21.43,21.74,103918
2014-04-29 16:00:00-04:00,21.74,21.94,21.15,21.18,207446
2014-04-30 16:00:00-04:00,21.22,21.526,20.85,21.25,202680
2014-05-01 16:00:00-04:00,21.1,21.14,20.64,20.95,244232
2014-05-02 16:00:00-04:00,21.105,21.105,20.0218,20.795,130162
2014-05-05 16:00:00-04:00,20.62,20.8,20.4,20.64,129474
2014-05-06 16:00:00-04:00,20.57,20.74,20.29,20.3,168042
2014-05-07 16:00:00-04:00,20.34,20.66,20.09,20.62,138336
2014-05-08 16:00:00-04:00,20.72,20.77,20.22,20.28,114768
2014-05-09 16:00:00-04:00,19.98,20.7,19.88,20.2,130542
2014-05-12 16:00:00-04:00,20.23,21.0,20.23,20.95,104766
2014-05-13 16:00:00-04:00,21.08,21.09,20.42,20.44,207562
2014-05-14 16:00:00-04:00,20.46,20.8,20.24,20.69,284306
2014-05-15 16:00:00-04:00,20.68,20.9,20.59,20.84,179172
2014-05-16 16:00:00-04:00,20.82,21.23,20.82,21.22,166532
2014-05-19 16:00:00-04:00,21.195,21.65,21.145,21.56,175782
2014-05-20 16:00:00-04:00,21.44,21.56,21.25,21.52,234080
2014-05-21 16:00:00-04:00,21.56,21.77,21.38,21.698,185348
2014-05-22 16:00:00-04:00,21.66,21.94,21.5,21.89,88076
2014-05-23 16:00:00-04:00,21.9,22.14,21.74,21.94,149054
2014-05-27 16:00:00-04:00,22.14,22.5,21.93,22.46,132032
2014-05-28 16:00:00-04:00,22.36,22.5,22.2,22.43,128904
2014-05-29 16:00:00-04:00,22.6,23.86,22.52,23.55,413432
2014-05-30 16:00:00-04:00,23.64,23.79,23.38,23.45,459102
2014-06-02 16:00:00-04:00,23.43,23.89,23.2,23.76,378356
2014-06-03 16:00:00-04:00,13.48,14.92,13.01,14.76,1600694
2014-06-04 16:00:00-04:00,14.78,15.05,14.3551,14.73,442250
2014-06-05 16:00:00-04:00,14.74,15.542,14.565,15.36,397926
2014-06-06 16:00:00-04:00,15.46,15.66,15.23,15.37,233376
2014-06-09 16:00:00-04:00,15.37,15.52,14.93,15.08,326430
2014-06-10 16:00:00-04:00,14.97,15.0,14.67,14.82,443240
2014-06-11 16:00:00-04:00,14.75,14.886,14.46,14.555,472274
2014-06-12 16:00:00-04:00,14.52,14.52,14.08,14.3,324692
2014-06-13 16:00:00-04:00,14.32,14.46,14.14,14.25,202766
2014-06-16 16:00:00-04:00,14.32,14.52,14.16,14.45,149508
2014-06-17 16:00:00-04:00,14.38,14.52,14.15,14.35,138156
2014-06-18 16:00:00-04:00,14.3,14.8,14.3,14.78,212852
2014-06-19 16:00:00-04:00,14.79,15.29,14.647,15.125,328338
2014-06-20 16:00:00-04:00,15.215,15.335,15.0298,15.305,435748
2014-06-23 16:00:00-04:00,15.26,15.55,15.12,15.46,354696
2014-06-24 16:00:00-04:00,15.45,15.5,15.18,15.32,382820
2014-06-25 16:00:00-04:00,15.265,15.45,15.25,15.31,245220
2014-06-26 16:00:00-04:00,15.25,15.43,15.16,15.34,182008
2014-06-27 16:00:00-04:00,15.25,15.5,15.25,15.45,507154
2014-06-30 16:00:00-04:00,15.4,15.62,15.34,15.54,229046
2014-07-01 16:00:00-04:00,15.55,16.22,15.55,16.1,343258
2014-07-02 16:00:00-04:00,16.13,16.66,16.06,16.64,331088
2014-07-03 16:00:00-04:00,16.66,16.77,16.47,16.58,161174
2014-07-07 16:00:00-04:00,16.605,16.735,16.07,16.355,214072
2014-07-08 16:00:00-04:00,16.29,16.38,16.1,16.25,558958
2014-07-09 16:00:00-04:00,16.24,16.36,15.96,16.05,240290
2014-07-10 16:00:00-04:00,15.765,15.88,15.582,15.82,199112
2014-07-11 16:00:00-04:00,15.745,15.8398,15.455,15.505,250564
2014-07-14 16:00:00-04:00,15.595,15.672,15.455,15.58,240636
2014-07-15 16:00:00-04:00,15.6,15.6,15.16,15.38,296604
2014-07-16 16:00:00-04:00,15.48,15.67,15.22,15.49,269678
2014-07-17 16:00:00-04:00,15.355,16.385,15.297,16.005,474226
2014-07-18 16:00:00-04:00,16.03,16.3,15.7388,16.215,219564
2014-07-21 16:00:00-04:00,16.17,16.34,15.98,16.24,155800
2014-07-22 16:00:00-04:00,16.26,16.645,16.191,16.505,209114
2014-07-23 16:00:00-04:00,16.52,16.707,16.45,16.57,150950
2014-07-24 16:00:00-04:00,16.62,16.7,16.07,16.44,233468
2014-07-25 16:00:00-04:00,16.295,16.456,16.09,16.315,167984
2014-07-28 16:00:00-04:00,16.26,16.7,16.17,16.59,169868
2014-07-29 16:00:00-04:00,16.58,16.63,16.241,16.48,257298
2014-07-30 16:00:00-04:00,16.56,16.78,16.4,16.74,160782
2014-07-31 16:00:00-04:00,16.56,16.82,15.99,16.46,315512
2014-08-01 16:00:00-04:00,16.46,16.72,16.32,16.41,215636
2014-08-04 16:00:00-04:00,16.41,16.76,16.26,16.66,142838
2014-08-05 16:00:00-04:00,16.52,16.74,16.38,16.7,228210
2014-08-06 16:00:00-04:00,16.64,16.96,16.56,16.76,146620
2014-08-07 16:00:00-04:00,16.76,16.86,16.56,16.8,167194
2014-08-08 16:00:00-04:00,14.14,16.56,14.0,16.44,420164
2014-08-11 16:00:00-04:00,16.57,17.3,16.36,17.3,252208
2014-08-12 16:00:00-04:00,17.2,17.42,17.08,17.1,177068
2014-08-13 16:00:00-04:00,17.2,17.82,17.18,17.48,211566
2014-08-14 16:00:00-04:00,17.52,17.65,17.21,17.25,135866
2014-08-15 16:00:00-04:00,17.44,17.46,16.94,17.28,220902
2014-08-18 16:00:00-04:00,17.495,17.795,17.382,17.685,176294
2014-08-19 16:00:00-04:00,17.68,17.96,17.68,17.82,158468
2014-08-20 16:00:00-04:00,17.81,17.94,17.68,17.87,249278
2014-08-21 16:00:00-04:00,17.84,17.98,17.69,17.81,439118
2014-08-22 16:00:00-04:00,17.73,17.92,17.52,17.57,333414
2014-08-25 16:00:00-04:00,17.59,17.868,17.23,17.295,288580
2014-08-26 16:00:00-04:00,17.25,17.7896,17.2,17.71,196970
2014-08-27 16:00:00-04:00,17.78,17.89,17.49,17.51,134648
2014-08-28 16:00:00-04:00,17.42,17.5,17.34,17.36,146932
2014-08-29 16:00:00-04:00,17.44,17.61,17.308,17.5,178366
2014-09-02 16:00:00-04:00,17.6,17.95,17.51,17.88,117758
2014-09-03 16:00:00-04:00,17.9,18.08,17.6,17.66,216842
2014-09-04 16:00:00-04:00,17.74,17.83,17.08,17.16,182864
2014-09-05 16:00:00-04:00,17.08,17.32,17.02,17.19,243296
2014-09-08 16:00:00-04:00,17.12,17.32,17.1,17.28,171318
2014-09-09 16:00:00-04:00,17.225,17.392,17.06,17.09,140930
2014-09-10 16:00:00-04:00,17.08,17.64,17.08,17.53,196908
2014-09-11 16:00:00-04:00,17.42,17.78,17.32,17.66,204742
2014-09-12 16:00:00-04:00,17.69,17.7,17.15,17.36,133990
2014-09-15 16:00:00-04:00,17.41,17.41,16.94,17.0,115364
2014-09-16 16:00:00-04:00,16.92,17.5,16.92,17.35,202212
2014-09-17 16:00:00-04:00,17.4,17.6,17.12,17.54,196574
2014-09-18 16:00:00-04:00,17.55,17.66,17.46,17.56,193686
2014-09-19 16:00:00-04:00,17.525,17.612,17.215,17.325,323936
2014-09-22 16:00:00-04:00,17.18,17.26,17.02,17.25,228414
2014-09-23 16:00:00-04:00,17.14,17.52,17.14,17.32,263974
2014-09-24 16:00:00-04:00,17.28,17.56,17.22,17.5,109110
2014-09-25 16:00:00-04:00,17.43,17.55,17.115,17.215,121614
2014-09-26 16:00:00-04:00,17.18,17.495,17.15,17.25,273524
2014-09-29 16:00:00-04:00,17.14,17.73,17.14,17.57,335016
2014-09-30 16:00:00-04:00,17.5,17.59,17.35,17.4,348962
2014-10-01 16:00:00-04:00,17.43,17.43,16.87,16.99,198724
2014-10-02 16:00:00-04:00,16.94,17.3,16.86,17.26,110130
2014-10-03 16:00:00-04:00,17.46,17.46,17.24,17.37,192484
2014-10-06 16:00:00-04:00,17.34,17.4,17.17,17.2,163624
2014-10-07 16:00:00-04:00,17.06,17.32,17.01,17.08,368658
2014-10-08 16:00:00-04:00,17.04,17.649,17.04,17.54,257792
2014-10-09 16:00:00-04:00,17.5,17.56,17.2,17.3,226414
2014-10-10 16:00:00-04:00,17.22,17.5,17.078,17.21,185158
2014-10-13 16:00:00-04:00,17.28,17.56,17.12,17.3,162074
2014-10-14 16:00:00-04:00,17.5,17.5,17.06,17.1,265592
2014-10-15 16:00:00-04:00,16.79,17.08,16.58,17.04,299210
2014-10-16 16:00:00-04:00,16.82,17.5,16.82,17.46,236604
2014-10-17 16:00:00-04:00,17.5,17.52,17.13,17.21,193874
2014-10-20 16:00:00-04:00,17.14,17.32,17.14,17.3,170336
2014-10-21 16:00:00-04:00,17.35,17.545,17.273,17.5,227678
2014-10-22 16:00:00-04:00,17.54,17.64,17.45,17.48,170678
2014-10-23 16:00:00-04:00,17.52,17.98,17.5,17.83,192648
2014-10-24 16:00:00-04:00,17.88,17.95,17.64,17.68,111148
2014-10-27 16:00:00-04:00,17.62,17.92,17.58,17.9,106762
2014-10-28 16:00:00-04:00,17.9,18.82,17.83,18.78,254884
2014-10-29 16:00:00-04:00,18.84,19.08,18.64,18.8,115690
2014-10-30 16:00:00-04:00,18.74,19.1,18.74,18.94,129436
2014-10-31 16:00:00-04:00,19.38,19.44,19.16,19.36,165382
2014-11-03 16:00:00-05:00,19.35,19.45,18.89,18.92,178728
2014-11-04 16:00:00-05:00,18.94,19.2,18.84,19.12,103310
2014-11-05 16:00:00-05:00,19.15,19.29,18.86,19.08,182122
2014-11-06 16:00:00-05:00,19.095,20.2375,18.9566,20.13,662716
2014-11-07 16:00:00-05:00,20.155,20.155,19.3348,19.64,391482
2014-11-10 16:00:00-05:00,19.72,20.32,19.4,20.32,170044
2014-11-11 16:00:00-05:00,20.3,20.56,20.15,20.32,172096
2014-11-12 16:00:00-05:00,20.34,20.442,19.896,20.35,221450
2014-11-13 16:00:00-05:00,20.3,20.47,20.1,20.26,215764
2014-11-14 16:00:00-05:00,20.31,20.44,19.94,20.06,170156
2014-11-17 16:00:00-05:00,19.99,20.16,19.46,19.54,191200
2014-11-18 16:00:00-05:00,19.56,19.8,19.45,19.58,217112
2014-11-19 16:00:00-05:00,19.615,19.615,19.122,19.3,194268
2014-11-20 16:00:00-05:00,19.17,19.72,19.15,19.63,149840
2014-11-21 16:00:00-05:00,19.9,19.9,19.28,19.38,150690
2014-11-24 16:00:00-05:00,19.365,19.69,19.332,19.675,131500
2014-11-25 16:00:00-05:00,19.7,19.82,19.68,19.72,60078
2014-11-26 16:00:00-05:00,19.84,20.0,19.36,20.0,131536
2014-11-28 16:00:00-05:00,20.0,20.05,19.66,19.71,63336
2014-12-01 16:00:00-05:00,19.66,20.08,19.51,19.72,104914
2014-12-02 16:00:00-05:00,19.8,20.1,19.58,19.92,230890
2014-12-03 16:00:00-05:00,19.9,20.35,19.5,20.16,186246
2014-12-04 16:00:00-05:00,20.2,20.36,20.07,20.17,123698
2014-12-05 16:00:00-05:00,20.14,20.78,20.14,20.56,172882
2014-12-08 16:00:00-05:00,20.43,20.74,20.28,20.4,156162
2014-12-09 16:00:00-05:00,20.26,20.92,20.01,20.79,154118
2014-12-10 16:00:00-05:00,20.675,20.978,20.532,20.61,162828
2014-12-11 16:00:00-05:00,20.72,21.42,20.58,21.12,117684
2014-12-12 16:00:00-05:00,20.9,21.52,20.82,21.2,144884
2014-12-15 16:00:00-05:00,21.36,21.7212,20.79,21.01,144918
2014-12-16 16:00:00-05:00,21.06,21.72,20.75,21.37,192840
2014-12-17 16:00:00-05:00,21.5,22.37,21.38,22.03,258192
2014-12-18 16:00:00-05:00,22.3,22.57,22.27,22.46,134502
2014-12-19 16:00:00-05:00,22.41,23.04,22.18,22.5,493896
2014-12-22 16:00:00-05:00,22.48,22.88,22.22,22.66,150264
2014-12-23 16:00:00-05:00,22.765,22.865,22.35,22.682,92000
2014-12-24 16:00:00-05:00,22.66,22.88,22.62,22.69,79072
2014-12-26 16:00:00-05:00,22.8,23.0,22.58,22.86,49388
2014-12-29 16:00:00-05:00,22.85,23.0,22.52,22.64,87522
2014-12-30 16:00:00-05:00,22.66,22.81,22.45,22.52,70078
2014-12-31 16:00:00-05:00,22.5,22.6,22.13,22.2,96342
2015-01-02 16:00:00-05:00,22.28,22.44,21.23,21.6,230122
2015-01-05 16:00:00-05:00,21.2,21.49,20.6,21.19,215574
2015-01-06 16:00:00-05:00,21.32,21.34,20.63,20.88,189436
2015-01-07 16:00:00-05:00,21.07,21.29,20.66,20.98,223350
2015-01-08 16:00:00-05:00,21.21,21.5,21.08,21.28,274140
2015-01-09 16:00:00-05:00,21.205,21.412,21.07,21.225,165634
2015-01-12 16:00:00-05:00,21.21,21.28,20.722,20.98,173362
2015-01-13 16:00:00-05:00,21.235,21.39,20.8492,21.345,308794
2015-01-14 16:00:00-05:00,21.2,22.08,21.2,21.98,114044
2015-01-15 16:00:00-05:00,21.9,22.1,21.19,21.3,134810
2015-01-16 16:00:00-05:00,21.21,22.09,21.14,22.06,115316
2015-01-20 16:00:00-05:00,22.03,22.1,21.34,21.84,91352
2015-01-21 16:00:00-05:00,21.72,21.92,21.2,21.42,131310
2015-01-22 16:00:00-05:00,21.5,21.58,21.12,21.5,132938
2015-01-23 16:00:00-05:00,21.58,21.76,21.35,21.56,137150
2015-01-26 16:00:00-05:00,21.54,21.73,21.3,21.65,73722
2015-01-27 16:00:00-05:00,21.5,21.76,21.46,21.64,151334
2015-01-28 16:00:00-05:00,21.58,21.909,21.35,21.46,137268
2015-01-29 16:00:00-05:00,21.49,21.88,21.28,21.82,163006
2015-01-30 16:00:00-05:00,21.6,21.728,20.615,20.75,287028
2015-02-02 16:00:00-05:00,20.7,21.2,20.2,21.1,189176
2015-02-03 16:00:00-05:00,21.16,22.06,21.16,21.98,186424
2015-02-04 16:00:00-05:00,21.81,22.12,21.69,21.79,119790
2015-02-05 16:00:00-05:00,21.78,22.22,21.78,22.2,123942
2015-02-06 16:00:00-05:00,22.14,22.18,21.84,21.96,149704
2015-02-09 16:00:00-05:00,21.58,21.74,20.99,21.08,208838
2015-02-10 16:00:00-05:00,20.8,20.82,20.22,20.64,220418
2015-02-11 16:00:00-05:00,20.5,21.15,20.5,21.02,235066
2015-02-12 16:00:00-05:00,20.74,20.84,20.38,20.42,2555640
2015-02-13 16:00:00-05:00,20.42,20.53,20.38,20.46,374548
2015-02-17 16:00:00-05:00,20.52,20.69,20.44,20.64,271448
2015-02-18 16:00:00-05:00,20.52,20.62,20.44,20.56,358214
2015-02-19 16:00:00-05:00,20.56,20.75,20.52,20.74,315210
2015-02-20 16:00:00-05:00,20.74,20.8,20.5,20.7,242186
2015-02-23 16:00:00-05:00,20.85,21.84,20.805,21.71,529724
2015-02-24 16:00:00-05:00,21.63,21.75,21.43,21.52,328368
2015-02-25 16:00:00-05:00,21.59,21.75,21.15,21.7,429560
2015-02-26 16:00:00-05:00,21.74,22.445,21.702,22.05,379872
2015-02-27 16:00:00-05:00,22.05,22.43,21.744,22.035,789180
2015-03-02 16:00:00-05:00,22.02,22.72,22.02,22.67,425824
2015-03-03 16:00:00-05:00,22.53,22.54,21.71,22.26,369046
2015-03-04 16:00:00-05:00,22.08,22.55,21.8,22.24,300900
2015-03-05 16:00:00-05:00,22.235,22.45,22.036,22.355,306384
2015-03-06 16:00:00-05:00,22.14,22.34,21.66,21.92,366302
2015-03-09 16:00:00-04:00,21.92,22.1,21.7,21.96,272074
2015-03-10 16:00:00-04:00,21.6,21.985,21.455,21.565,413388
2015-03-11 16:00:00-04:00,21.54,21.75,21.28,21.48,338492
2015-03-12 16:00:00-04:00,21.55,21.91,21.26,21.76,468876
2015-03-13 16:00:00-04:00,21.68,21.85,21.34,21.68,313928
2015-03-16 16:00:00-04:00,21.73,22.132,21.73,21.92,208968
2015-03-17 16:00:00-04:00,21.75,22.03,21.48,21.91,291172
2015-03-18 16:00:00-04:00,21.86,22.16,21.76,22.005,331082
2015-03-19 16:00:00-04:00,21.92,22.4,21.824,22.375,153128
2015-03-20 16:00:00-04:00,22.55,23.11,22.42,23.04,570094
2015-03-23 16:00:00-04:00,23.0,23.59,22.93,23.56,244438
2015-03-24 16:00:00-04:00,23.52,23.74,23.4,23.58,245214
2015-03-25 16:00:00-04:00,23.56,23.72,22.71,22.78,211734
2015-03-26 16:00:00-04:00,22.74,23.03,22.3,22.68,297844
2015-03-27 16:00:00-04:00,23.32,24.0,23.22,23.7,338552
2015-03-30 16:00:00-04:00,23.76,23.97,23.11,23.54,295078
2015-03-31 16:00:00-04:00,23.38,23.5,23.24,23.43,229400
2015-04-01 16:00:00-04:00,23.29,23.42,22.77,23.3,241290
2015-04-02 16:00:00-04:00,23.38,23.45,22.57,22.98,235032
2015-04-06 16:00:00-04:00,22.97,23.075,22.84,22.975,236462
2015-04-07 16:00:00-04:00,22.86,23.082,22.795,22.865,183264
2015-04-08 16:00:00-04:00,22.82,23.08,22.82,23.0,307224
2015-04-09 16:00:00-04:00,23.0,23.158,22.535,22.99,184248
2015-04-10 16:00:00-04:00,23.16,23.16,22.56,22.8,307676
2015-04-13 16:00:00-04:00,22.77,23.26,22.77,23.11,166384
2015-04-14 16:00:00-04:00,23.06,23.18,22.95,23.02,149430
2015-04-15 16:00:00-04:00,23.06,23.29,22.9,23.0,169414
2015-04-16 16:00:00-04:00,22.88,23.3,22.66,22.85,180372
2015-04-17 16:00:00-04:00,22.62,22.72,22.38,22.6,197366
2015-04-20 16:00:00-04:00,22.685,23.095,22.56,22.8,105904
2015-04-21 16:00:00-04:00,22.91,22.98,22.78,22.82,126538
2015-04-22 16:00:00-04:00,22.84,22.9,22.25,22.75,114574
2015-04-23 16:00:00-04:00,22.66,22.82,22.37,22.68,128692
2015-04-24 16:00:00-04:00,22.66,22.94,22.61,22.84,144354
2015-04-27 16:00:00-04:00,22.98,23.24,22.02,22.23,181058
2015-04-28 16:00:00-04:00,22.12,22.36,21.51,22.3,149060
2015-04-29 16:00:00-04:00,22.2,22.31,21.36,21.56,136314
2015-04-30 16:00:00-04:00,21.42,21.58,20.83,21.06,357494
2015-05-01 16:00:00-04:00,21.02,21.39,20.89,21.27,220172
2015-05-04 16:00:00-04:00,21.3,21.7,20.8,21.06,252490
2015-05-05 16:00:00-04:00,20.85,21.0,20.56,20.6,275966
2015-05-06 16:00:00-04:00,20.87,20.87,20.25,20.64,213670
2015-05-07 16:00:00-04:00,21.015,21.99,21.011,21.775,388850
2015-05-08 16:00:00-04:00,22.0,22.2,21.74,22.04,253324
2015-05-11 16:00:00-04:00,21.94,22.285,21.798,22.195,308286
2015-05-12 16:00:00-04:00,22.02,22.02,21.5,21.89,253576
2015-05-13 16:00:00-04:00,21.88,22.12,21.5,22.02,309312
2015-05-14 16:00:00-04:00,22.02,22.3,21.65,22.2,248446
2015-05-15 16:00:00-04:00,22.14,22.23,21.84,22.22,180542
2015-05-18 16:00:00-04:00,22.14,22.94,22.14,22.76,232788
2015-05-19 16:00:00-04:00,22.71,22.89,22.5,22.84,224490
2015-05-20 16:00:00-04:00,22.975,23.555,22.728,23.405,284104
2015-05-21 16:00:00-04:00,23.5,23.5,22.85,23.38,285196
2015-05-22 16:00:00-04:00,23.26,23.72,23.2,23.49,252928
2015-05-26 16:00:00-04:00,23.3,23.5,23.02,23.2,175670
2015-05-27 16:00:00-04:00,23.12,23.445,23.045,23.31,128128
2015-05-28 16:00:00-04:00,23.29,23.36,22.85,23.3,179094
2015-05-29 16:00:00-04:00,23.25,23.3,22.68,23.18,258628
2015-06-01 16:00:00-04:00,23.23,23.61,22.75,23.55,239658
2015-06-02 16:00:00-04:00,23.42,24.0,23.42,23.85,298308
2015-06-03 16:00:00-04:00,24.0,24.4,23.792,24.365,330002
2015-06-04 16:00:00-04:00,24.04,24.445,23.8846,24.01,420192
2015-06-05 16:00:00-04:00,23.895,24.345,23.812,24.275,249082
2015-06-08 16:00:00-04:00,24.25,24.6,24.24,24.46,326952
2015-06-09 16:00:00-04:00,24.76,24.76,23.94,24.07,349668
2015-06-10 16:00:00-04:00,24.2,24.93,24.2,24.74,394390
2015-06-11 16:00:00-04:00,24.725,25.13,24.702,24.88,282952
2015-06-12 16:00:00-04:00,24.75,25.005,24.4816,24.535,289024
2015-06-15 16:00:00-04:00,24.3,25.2,24.3,25.11,333638
2015-06-16 16:00:00-04:00,25.11,25.7,25.11,25.52,278712
2015-06-17 16:00:00-04:00,25.65,25.92,25.52,25.76,381954
2015-06-18 16:00:00-04:00,25.86,26.62,25.76,26.51,311744
2015-06-19 16:00:00-04:00,26.575,26.79,26.365,26.695,385096
2015-06-22 16:00:00-04:00,26.8,26.94,26.48,26.54,284556
2015-06-23 16:00:00-04:00,26.67,26.89,26.34,26.58,421540
2015-06-24 16:00:00-04:00,26.57,26.58,26.1,26.32,231246
2015-06-25 16:00:00-04:00,26.39,26.5,26.08,26.49,266712
2015-06-26 16:00:00-04:00,26.5,26.78,25.86,26.04,1042358
2015-06-29 16:00:00-04:00,26.0,26.3,25.44,25.52,202500
2015-06-30 16:00:00-04:00,25.515,25.905,25.238,25.53,307074
2015-07-01 16:00:00-04:00,26.0,26.192,25.35,25.515,239900
2015-07-02 16:00:00-04:00,25.62,25.62,25.13,25.245,118016
2015-07-06 16:00:00-04:00,25.145,25.849,25.0,25.66,387452
2015-07-07 16:00:00-04:00,25.6,25.72,25.12,25.35,267182
2015-07-08 16:00:00-04:00,25.19,25.43,24.68,24.86,442968
2015-07-09 16:00:00-04:00,25.16,25.62,24.82,25.54,446954
2015-07-10 16:00:00-04:00,25.94,26.5,25.68,26.46,402180
2015-07-13 16:00:00-04:00,26.5,26.76,26.22,26.36,344152
2015-07-14 16:00:00-04:00,26.33,26.86,26.27,26.7,321578
2015-07-15 16:00:00-04:00,26.765,26.9379,26.47,26.55,317726
2015-07-16 16:00:00-04:00,26.79,27.04,26.54,26.58,227224
2015-07-17 16:00:00-04:00,26.65,26.65,26.1,26.26,189910
2015-07-20 16:00:00-04:00,26.32,26.32,25.75,25.94,232994
2015-07-21 16:00:00-04:00,26.02,26.02,25.26,25.72,216856
2015-07-22 16:00:00-04:00,25.74,26.44,25.62,26.3,300200
2015-07-23 16:00:00-04:00,26.4,26.58,26.08,26.11,254702
2015-07-24 16:00:00-04:00,26.14,26.21,25.72,25.82,164348
2015-07-27 16:00:00-04:00,25.765,25.95,25.4388,25.73,161562
2015-07-28 16:00:00-04:00,25.86,25.9,25.22,25.83,247804
2015-07-29 16:00:00-04:00,25.84,25.87,25.26,25.42,301902
2015-07-30 16:00:00-04:00,25.24,25.4,25.0,25.24,232264
2015-07-31 16:00:00-04:00,25.38,25.65,25.34,25.56,187750
2015-08-03 16:00:00-04:00,25.61,25.77,24.9,25.26,189440
2015-08-04 16:00:00-04:00,25.42,25.65,25.22,25.49,163722
2015-08-05 16:00:00-04:00,25.83,26.15,24.98,25.05,384178
2015-08-06 16:00:00-04:00,25.17,25.17,23.85,23.96,434222
2015-08-07 16:00:00-04:00,23.845,23.992,23.255,23.665,363192
2015-08-10 16:00:00-04:00,23.83,24.24,23.82,24.01,279884
2015-08-11 16:00:00-04:00,23.88,24.13,23.52,24.04,191224
2015-08-12 16:00:00-04:00,23.76,24.06,23.42,23.9,232034
2015-08-13 16:00:00-04:00,23.83,24.225,23.61,23.92,318562
2015-08-14 16:00:00-04:00,23.85,24.22,23.76,24.21,200352
2015-08-17 16:00:00-04:00,24.04,24.74,23.92,24.66,233660
2015-08-18 16:00:00-04:00,24.65,24.92,24.22,24.38,240472
2015-08-19 16:00:00-04:00,24.22,24.66,24.15,24.46,237666
2015-08-20 16:00:00-04:00,24.28,24.52,23.97,24.06,366318
2015-08-21 16:00:00-04:00,23.72,24.4,23.6,24.0,671834
2015-08-24 16:00:00-04:00,22.97,24.13,22.48,23.21,407644
2015-08-25 16:00:00-04:00,23.82,23.82,23.14,23.19,278602
2015-08-26 16:00:00-04:00,23.71,23.84,22.82,23.64,265504
2015-08-27 16:00:00-04:00,23.74,23.76,23.14,23.49,331136
2015-08-28 16:00:00-04:00,23.5,23.72,23.2,23.6,176380
2015-08-31 16:00:00-04:00,23.51,23.8,23.3,23.48,206336
2015-09-01 16:00:00-04:00,23.1,23.33,22.945,23.265,332608
2015-09-02 16:00:00-04:00,23.5,23.54,22.88,23.51,260542
2015-09-03 16:00:00-04:00,23.62,23.84,23.42,23.5,194580
2015-09-04 16:00:00-04:00,23.2,23.69,23.16,23.53,171834
2015-09-08 16:00:00-04:00,23.92,24.0,23.66,23.88,181882
2015-09-09 16:00:00-04:00,23.9,24.0,23.64,23.65,204638
2015-09-10 16:00:00-04:00,23.64,24.3,23.53,24.01,225554
2015-09-11 16:00:00-04:00,23.84,24.38,23.84,24.36,206920
2015-09-14 16:00:00-04:00,24.42,24.59,24.33,24.53,262894
2015-09-15 16:00:00-04:00,24.5,24.5,24.33,24.42,255834
2015-09-16 16:00:00-04:00,24.505,24.675,24.342,24.53,134830
2015-09-17 16:00:00-04:00,24.5,24.888,24.405,24.665,250978
2015-09-18 16:00:00-04:00,24.5,24.83,24.411,24.52,517836
2015-09-21 16:00:00-04:00,24.64,24.76,23.71,24.02,280012
2015-09-22 16:00:00-04:00,23.69,23.798,23.375,23.41,126432
2015-09-23 16:00:00-04:00,23.53,23.64,23.31,23.475,224520
2015-09-24 16:00:00-04:00,23.42,23.6,23.16,23.58,251602
2015-09-25 16:00:00-04:00,23.85,24.22,23.72,23.84,385566
2015-09-28 16:00:00-04:00,23.68,23.93,21.336,21.55,404296
2015-09-29 16:00:00-04:00,21.53,21.77,21.0,21.3,261664
2015-09-30 16:00:00-04:00,21.5,21.68,20.98,21.32,444482
2015-10-01 16:00:00-04:00,21.36,21.36,20.6,20.78,237428
2015-10-02 16:00:00-04:00,20.75,21.285,20.6072,21.285,687554
2015-10-05 16:00:00-04:00,21.44,21.8,20.88,21.59,333018
2015-10-06 16:00:00-04:00,21.5,21.53,20.3,20.46,626472
2015-10-07 16:00:00-04:00,20.57,20.84,20.36,20.62,387434
2015-10-08 16:00:00-04:00,20.675,20.675,19.97,20.402,282674
2015-10-09 16:00:00-04:00,20.32,20.68,20.18,20.58,273154
2015-10-12 16:00:00-04:00,20.51,21.25,20.45,20.98,251000
2015-10-13 16:00:00-04:00,20.84,21.06,20.37,20.38,200396
2015-10-14 16:00:00-04:00,20.445,20.795,20.0826,20.745,412406
2015-10-15 16:00:00-04:00,20.685,21.225,20.482,21.0,662806
2015-10-16 16:00:00-04:00,21.0,21.76,20.96,21.27,901078
2015-10-19 16:00:00-04:00,21.25,21.46,20.92,21.18,160344
2015-10-20 16:00:00-04:00,21.15,21.202,20.415,20.52,398376
2015-10-21 16:00:00-04:00,20.54,20.83,19.95,20.3,350816
2015-10-22 16:00:00-04:00,20.32,20.32,19.22,19.72,433324
2015-10-23 16:00:00-04:00,19.82,20.88,19.82,20.58,277484
2015-10-26 16:00:00-04:00,20.58,20.82,20.06,20.34,225406
2015-10-27 16:00:00-04:00,20.32,20.94,20.32,20.77,229044
2015-10-28 16:00:00-04:00,20.82,21.3,20.58,21.18,227720
2015-10-29 16:00:00-04:00,21.06,21.6,21.0,21.47,322168
2015-10-30 16:00:00-04:00,21.42,21.63,20.91,21.08,357874
2015-11-02 16:00:00-05:00,21.11,21.63,21.03,21.5,107732
2015-11-03 16:00:00-05:00,21.405,21.842,21.28,21.615,227676
2015-11-04 16:00:00-05:00,24.045,25.095,22.844,24.305,1034000
2015-11-05 16:00:00-05:00,24.32,24.54,23.56,24.04,480806
2015-11-06 16:00:00-05:00,23.86,24.48,23.8,24.44,386106
2015-11-09 16:00:00-05:00,24.4,24.62,23.78,24.22,307460
2015-11-10 16:00:00-05:00,24.02,24.1,23.28,23.76,478254
2015-11-11 16:00:00-05:00,23.76,23.76,22.96,22.98,244468
2015-11-12 16:00:00-05:00,22.84,22.98,22.58,22.7,318646
2015-11-13 16:00:00-05:00,22.525,23.39,22.35,23.23,407850
2015-11-16 16:00:00-05:00,23.12,23.6,22.85,23.58,367356
2015-11-17 16:00:00-05:00,23.64,24.25,23.43,23.83,307560
2015-11-18 16:00:00-05:00,23.84,23.97,23.5,23.76,147542
2015-11-19 16:00:00-05:00,23.63,23.9,22.68,22.92,187752
2015-11-20 16:00:00-05:00,22.88,23.52,22.74,23.29,155774
2015-11-23 16:00:00-05:00,23.18,23.56,23.13,23.42,161126
2015-11-24 16:00:00-05:00,23.33,23.552,23.05,23.46,114982
2015-11-25 16:00:00-05:00,23.4,23.76,23.4,23.7,85156
2015-11-27 16:00:00-05:00,23.61,24.1408,23.61,23.8,43320
2015-11-30 16:00:00-05:00,23.78,24.12,23.66,23.78,159296
2015-12-01 16:00:00-05:00,23.84,24.0,23.46,23.98,109310
2015-12-02 16:00:00-05:00,24.04,24.04,23.538,23.62,252998
2015-12-03 16:00:00-05:00,23.62,23.792,22.865,23.145,284430
2015-12-04 16:00:00-05:00,23.2,24.13,23.04,24.06,457552
2015-12-07 16:00:00-05:00,24.09,24.27,23.57,24.24,348104
2015-12-08 16:00:00-05:00,23.98,24.64,23.85,24.5,526120
2015-12-09 16:00:00-05:00,24.7,24.84,23.84,23.86,232580
2015-12-10 16:00:00-05:00,23.88,24.54,23.64,24.5,296434
2015-12-11 16:00:00-05:00,24.205,24.4883,23.515,23.935,275496
2015-12-14 16:00:00-05:00,23.895,24.284,23.09,23.58,276432
2015-12-15 16:00:00-05:00,23.76,24.58,23.48,24.05,184864
2015-12-16 16:00:00-05:00,24.275,24.38,23.43,23.68,201838
2015-12-17 16:00:00-05:00,23.68,24.16,23.37,23.38,292628
2015-12-18 16:00:00-05:00,23.24,23.6,22.3,22.36,956478
2015-12-21 16:00:00-05:00,22.48,22.968,22.33,22.79,170244
2015-12-22 16:00:00-05:00,22.87,22.912,22.49,22.8,160336
2015-12-23 16:00:00-05:00,22.98,23.0,22.74,22.91,131896
2015-12-24 16:00:00-05:00,22.89,23.1,22.0,22.02,207458
2015-12-28 16:00:00-05:00,22.1,22.78,22.03,22.25,357608
2015-12-29 16:00:00-05:00,22.44,23.45,22.44,23.31,302313
2015-12-30 16:00:00-05:00,23.32,23.49,22.73,22.75,319150
2015-12-31 16:00:00-05:00,22.74,23.49,22.57,22.63,362087
2016-01-04 16:00:00-05:00,22.06,22.06,21.59,21.7,268571
2016-01-05 16:00:00-05:00,21.97,22.08,21.59,21.74,125266
2016-01-06 16:00:00-05:00,21.49,22.02,21.4,21.76,268364
2016-01-07 16:00:00-05:00,21.46,21.56,20.81,21.12,253607
2016-01-08 16:00:00-05:00,20.62,21.42,20.46,20.94,310511
2016-01-11 16:00:00-05:00,21.06,21.42,20.79,21.07,171292
2016-01-12 16:00:00-05:00,21.33,21.83,20.85,21.16,238526
2016-01-13 16:00:00-05:00,21.26,21.32,19.92,20.45,311769
2016-01-14 16:00:00-05:00,20.6,21.345,20.21,21.25,414133
2016-01-15 16:00:00-05:00,20.65,21.73,20.37,21.26,412222
2016-01-19 16:00:00-05:00,21.38,21.925,21.25,21.45,387350
2016-01-20 16:00:00-05:00,21.09,22.245,20.63,21.84,317253
2016-01-21 16:00:00-05:00,21.71,21.96,20.2,20.87,501006
2016-01-22 16:00:00-05:00,21.08,21.54,20.84,21.13,304085
2016-01-25 16:00:00-05:00,21.09,21.69,20.93,20.99,352916
2016-01-26 16:00:00-05:00,21.04,21.61,20.7,21.44,383435
2016-01-27 16:00:00-05:00,21.43,21.47,20.85,21.1,301162
2016-01-28 16:00:00-05:00,21.16,21.67,21.04,21.42,359896
2016-01-29 16:00:00-05:00,21.4,22.46,21.4,22.45,430595
2016-02-01 16:00:00-05:00,22.4,22.85,21.98,22.6,304190
2016-02-02 16:00:00-05:00,22.36,22.66,21.9,22.43,234740
2016-02-03 16:00:00-05:00,22.48,22.76,21.0,21.55,195735
2016-02-04 16:00:00-05:00,21.46,21.57,20.95,21.37,155982
2016-02-05 16:00:00-05:00,21.26,21.455,20.295,20.34,187839
2016-02-08 16:00:00-05:00,20.09,20.215,19.53,19.89,285143
2016-02-09 16:00:00-05:00,19.57,20.22,19.4,19.65,315239
2016-02-10 16:00:00-05:00,19.85,20.43,19.69,20.11,286411
2016-02-11 16:00:00-05:00,18.54,19.35,17.6,18.55,546118
2016-02-12 16:00:00-05:00,18.49,19.47,18.37,18.71,390991
2016-02-16 16:00:00-05:00,18.71,19.0299,18.44,18.65,284482
2016-02-17 16:00:00-05:00,18.71,19.2875,18.69,18.87,389351
2016-02-18 16:00:00-05:00,18.79,19.28,18.66,18.74,255960
2016-02-19 16:00:00-05:00,18.72,19.12,18.62,18.83,353291
2016-02-22 16:00:00-05:00,19.02,19.66,18.99,19.33,292731
2016-02-23 16:00:00-05:00,19.37,19.61,19.09,19.27,219721
2016-02-24 16:00:00-05:00,19.13,19.81,18.98,19.71,243460
2016-02-25 16:00:00-05:00,19.83,20.61,19.83,20.28,332569
2016-02-26 16:00:00-05:00,20.29,20.98,19.62,20.93,329832
2016-02-29 16:00:00-05:00,20.96,20.99,20.49,20.51,254084
2016-03-01 16:00:00-05:00,20.6,20.86,20.36,20.75,236790
2016-03-02 16:00:00-05:00,20.73,20.97,20.42,20.82,167464
2016-03-03 16:00:00-05:00,20.84,21.98,20.6,21.53,291009
2016-03-04 16:00:00-05:00,21.61,22.42,21.53,21.95,331591
2016-03-07 16:00:00-05:00,21.93,22.03,21.56,21.75,231104
2016-03-08 16:00:00-05:00,21.75,21.95,21.151,21.22,188719
2016-03-09 16:00:00-05:00,21.32,21.92,21.0,21.68,251943
2016-03-10 16:00:00-05:00,21.82,22.15,21.43,21.55,200515
2016-03-11 16:00:00-05:00,21.74,22.15,21.54,22.07,158036
2016-03-14 16:00:00-04:00,22.07,22.27,21.82,21.84,148948
2016-03-15 16:00:00-04:00,21.76,21.76,21.21,21.23,159385
2016-03-16 16:00:00-04:00,21.2,21.83,21.2,21.34,113959
2016-03-17 16:00:00-04:00,21.36,21.36,20.62,21.2,191374
2016-03-18 16:00:00-04:00,21.33,21.95,21.3,21.88,346685
2016-03-21 16:00:00-04:00,21.92,22.165,21.34,21.53,98850
2016-03-22 16:00:00-04:00,21.48,21.8299,21.21,21.63,121699
2016-03-23 16:00:00-04:00,21.63,22.18,21.4001,21.64,168330
2016-03-24 16:00:00-04:00,21.57,21.85,21.15,21.58,140547
2016-03-28 16:00:00-04:00,21.73,22.43,21.41,22.3,251925
2016-03-29 16:00:00-04:00,22.22,22.93,22.19,22.91,273011
2016-03-30 16:00:00-04:00,22.91,23.2,22.69,22.8,179032
2016-03-31 16:00:00-04:00,22.74,22.84,22.42,22.64,379692
2016-04-01 16:00:00-04:00,22.65,23.33,22.33,23.01,215898
2016-04-04 16:00:00-04:00,23.1,23.22,22.61,22.71,202275
2016-04-05 16:00:00-04:00,22.5,22.77,22.34,22.45,189689
2016-04-06 16:00:00-04:00,22.42,22.97,22.29,22.88,229484
2016-04-07 16:00:00-04:00,22.79,23.36,22.73,23.07,390546
2016-04-08 16:00:00-04:00,23.19,23.29,22.73,22.92,165274
2016-04-11 16:00:00-04:00,22.99,22.99,22.1301,22.26,211695
2016-04-12 16:00:00-04:00,22.42,22.72,22.29,22.52,241628
2016-04-13 16:00:00-04:00,22.81,23.21,22.61,23.14,449045
2016-04-14 16:00:00-04:00,23.08,23.26,22.93,23.23,233871
2016-04-15 16:00:00-04:00,23.1,23.31,22.96,23.23,191116
2016-04-18 16:00:00-04:00,23.22,23.2309,22.67,22.8,391718
2016-04-19 16:00:00-04:00,22.98,22.98,22.68,22.78,273735
2016-04-20 16:00:00-04:00,22.75,23.11,22.6,23.1,184664
2016-04-21 16:00:00-04:00,23.02,23.43,22.63,22.91,346447
2016-04-22 16:00:00-04:00,22.95,23.19,22.85,23.19,261251
2016-04-25 16:00:00-04:00,23.19,23.32,22.86,23.16,187473
2016-04-26 16:00:00-04:00,23.16,23.5,23.095,23.4,188812
2016-04-27 16:00:00-04:00,23.46,23.57,23.15,23.47,150303
2016-04-28 16:00:00-04:00,23.45,23.86,22.76,23.17,172660
2016-04-29 16:00:00-04:00,23.02,23.02,22.24,22.56,282092
2016-05-02 16:00:00-04:00,22.7,22.78,21.83,22.5,560336
2016-05-03 16:00:00-04:00,22.26,22.755,21.7,22.6,453490
2016-05-04 16:00:00-04:00,22.45,22.87,22.3,22.35,165977
2016-05-05 16:00:00-04:00,22.34,22.445,21.73,22.13,181928
2016-05-06 16:00:00-04:00,21.93,22.185,21.63,21.92,262822
2016-05-09 16:00:00-04:00,21.8,22.4,21.745,22.14,156228
2016-05-10 16:00:00-04:00,22.33,22.33,21.46,21.54,366032
2016-05-11 16:00:00-04:00,21.99,23.485,21.92,22.38,702853
2016-05-12 16:00:00-04:00,21.69,22.215,20.27,20.81,603986
2016-05-13 16:00:00-04:00,20.85,21.18,20.33,20.5,312311
2016-05-16 16:00:00-04:00,20.48,20.64,20.3,20.495,359649
2016-05-17 16:00:00-04:00,20.44,20.73,20.11,20.3,351506
2016-05-18 16:00:00-04:00,20.27,20.47,20.0,20.27,263628
2016-05-19 16:00:00-04:00,20.15,20.6,19.94,20.05,165058
2016-05-20 16:00:00-04:00,20.19,20.19,19.845,20.0,232563
2016-05-23 16:00:00-04:00,19.94,20.05,19.73,19.78,173736
2016-05-24 16:00:00-04:00,19.82,20.16,19.79,19.97,314444
2016-05-25 16:00:00-04:00,20.0,20.14,19.76,19.93,281080
2016-05-26 16:00:00-04:00,19.95,19.95,19.45,19.58,225143
2016-05-27 16:00:00-04:00,19.51,19.87,19.38,19.69,160042
2016-05-31 16:00:00-04:00,19.63,19.94,19.45,19.85,233171
2016-06-01 16:00:00-04:00,19.86,20.05,19.75,19.97,203134
2016-06-02 16:00:00-04:00,19.88,20.2,19.88,20.18,267432
2016-06-03 16:00:00-04:00,20.18,20.269,20.08,20.16,225897
2016-06-06 16:00:00-04:00,20.15,20.68,20.11,20.54,207747
2016-06-07 16:00:00-04:00,20.54,21.03,20.54,20.86,263182
2016-06-08 16:00:00-04:00,20.98,21.46,20.845,21.4,308779
2016-06-09 16:00:00-04:00,21.41,21.48,20.92,21.2,333219
2016-06-10 16:00:00-04:00,20.86,21.49,20.67,20.76,222371
2016-06-13 16:00:00-04:00,20.35,20.74,20.01,20.21,311718
2016-06-14 16:00:00-04:00,20.19,20.45,20.105,20.25,179117
2016-06-15 16:00:00-04:00,20.36,20.58,20.24,20.35,200632
2016-06-16 16:00:00-04:00,20.14,20.21,19.65,19.92,155459
2016-06-17 16:00:00-04:00,19.99,19.99,19.13,19.17,509145
2016-06-20 16:00:00-04:00,19.43,19.885,19.26,19.51,484008
2016-06-21 16:00:00-04:00,19.61,19.78,19.24,19.75,289012
2016-06-22 16:00:00-04:00,19.72,20.22,19.61,19.9,305269
2016-06-23 16:00:00-04:00,20.05,20.45,19.89,20.43,188323
2016-06-24 16:00:00-04:00,19.6,20.76,19.6,20.09,632225
2016-06-27 16:00:00-04:00,19.84,20.055,19.48,19.51,432377
2016-06-28 16:00:00-04:00,19.72,20.11,19.47,19.88,234414
2016-06-29 16:00:00-04:00,20.16,20.5,20.0098,20.47,189371
2016-06-30 16:00:00-04:00,20.48,21.02,20.32,21.01,515114
2016-07-01 16:00:00-04:00,21.08,21.39,20.59,21.02,200134
2016-07-05 16:00:00-04:00,20.91,21.11,20.33,20.62,194804
2016-07-06 16:00:00-04:00,20.48,20.96,20.42,20.89,127892
2016-07-07 16:00:00-04:00,20.8,21.16,20.69,20.97,245702
2016-07-08 16:00:00-04:00,21.14,21.5,20.99,21.37,226682
2016-07-11 16:00:00-04:00,21.3,21.83,21.3,21.6,253767
2016-07-12 16:00:00-04:00,21.7,22.07,21.65,21.72,274824
2016-07-13 16:00:00-04:00,21.83,22.01,21.58,21.75,212860
2016-07-14 16:00:00-04:00,21.91,21.9299,21.425,21.78,177194
2016-07-15 16:00:00-04:00,21.96,21.96,21.45,21.67,213489
2016-07-18 16:00:00-04:00,21.6,21.725,21.45,21.62,253479
2016-07-19 16:00:00-04:00,21.66,21.8,21.58,21.62,236262
2016-07-20 16:00:00-04:00,21.72,21.85,21.62,21.71,212016
2016-07-21 16:00:00-04:00,21.69,21.87,21.56,21.78,235019
2016-07-22 16:00:00-04:00,21.68,22.1,21.68,21.98,149658
2016-07-25 16:00:00-04:00,21.97,21.99,21.68,21.83,172665
2016-07-26 16:00:00-04:00,21.8,22.03,21.67,21.94,160127
2016-07-27 16:00:00-04:00,21.95,21.95,21.67,21.75,222461
2016-07-28 16:00:00-04:00,21.69,21.69,21.16,21.53,172872
2016-07-29 16:00:00-04:00,21.59,21.7,21.24,21.5,322541
2016-08-01 16:00:00-04:00,21.52,21.745,21.36,21.49,618290
2016-08-02 16:00:00-04:00,21.0,21.0,18.85,18.87,897438
2016-08-03 16:00:00-04:00,18.88,19.36,17.87,19.29,1039507
2016-08-04 16:00:00-04:00,19.21,19.42,18.915,19.05,479339
2016-08-05 16:00:00-04:00,19.15,19.74,19.15,19.58,438862
2016-08-08 16:00:00-04:00,19.54,19.78,19.43,19.71,377682
2016-08-09 16:00:00-04:00,19.67,20.07,19.165,19.23,560860
2016-08-10 16:00:00-04:00,19.35,19.54,18.9,19.0,470122
2016-08-11 16:00:00-04:00,19.04,19.185,18.7,18.71,275207
2016-08-12 16:00:00-04:00,18.58,18.84,18.53,18.6,246833
2016-08-15 16:00:00-04:00,18.65,19.21,18.6,19.13,234879
2016-08-16 16:00:00-04:00,19.08,19.2,18.76,18.91,228422
2016-08-17 16:00:00-04:00,18.86,18.86,18.34,18.48,309892
2016-08-18 16:00:00-04:00,18.43,18.78,18.42,18.61,274378
2016-08-19 16:00:00-04:00,18.61,18.62,18.32,18.45,266239
2016-08-22 16:00:00-04:00,18.46,18.61,18.25,18.47,178349
2016-08-23 16:00:00-04:00,18.47,18.69,18.26,18.52,113206
2016-08-24 16:00:00-04:00,18.56,18.86,18.34,18.75,262127
2016-08-25 16:00:00-04:00,18.65,18.84,18.39,18.46,191638
2016-08-26 16:00:00-04:00,18.53,18.64,18.3,18.44,148432
2016-08-29 16:00:00-04:00,18.5,18.7,18.46,18.63,79671
2016-08-30 16:00:00-04:00,18.55,18.94,18.55,18.86,111736
2016-08-31 16:00:00-04:00,18.88,18.9,18.67,18.79,125121
2016-09-01 16:00:00-04:00,18.84,18.98,18.5,18.81,167013
2016-09-02 16:00:00-04:00,18.92,19.44,18.83,19.4,271688
2016-09-06 16:00:00-04:00,19.37,19.55,19.1,19.54,256011
2016-09-07 16:00:00-04:00,19.6,20.25,19.6,20.23,318178
2016-09-08 16:00:00-04:00,20.2,21.0,20.1727,21.0,362861
2016-09-09 16:00:00-04:00,20.77,20.77,19.99,20.56,471578
2016-09-12 16:00:00-04:00,20.5,21.05,20.38,21.0,287185
2016-09-13 16:00:00-04:00,20.77,20.97,20.67,20.78,250848
2016-09-14 16:00:00-04:00,20.9,20.9,20.4,20.61,371226
2016-09-15 16:00:00-04:00,20.55,20.76,20.32,20.6,247419
2016-09-16 16:00:00-04:00,20.64,20.93,20.59,20.82,386953
2016-09-19 16:00:00-04:00,20.82,21.06,20.73,21.0,187267
2016-09-20 16:00:00-04:00,21.14,21.16,20.78,20.95,301493
2016-09-21 16:00:00-04:00,20.91,21.21,20.64,21.175,318009
2016-09-22 16:00:00-04:00,21.22,21.49,21.22,21.43,205061
2016-09-23 16:00:00-04:00,21.35,21.63,21.26,21.36,138324
2016-09-26 16:00:00-04:00,21.2,21.21,20.9,20.93,188497
2016-09-27 16:00:00-04:00,20.88,21.07,20.74,20.81,278894
2016-09-28 16:00:00-04:00,20.83,20.927,20.72,20.78,236675
2016-09-29 16:00:00-04:00,20.75,21.46,20.14,20.15,248547
2016-09-30 16:00:00-04:00,20.14,20.26,19.96,20.13,338475
2016-10-03 16:00:00-04:00,19.97,20.23,19.67,20.1,238721
2016-10-04 16:00:00-04:00,20.06,20.25,20.03,20.15,205595
2016-10-05 16:00:00-04:00,20.28,20.54,20.15,20.43,204532
2016-10-06 16:00:00-04:00,20.48,20.48,19.92,20.2,190701
2016-10-07 16:00:00-04:00,20.16,20.23,19.77,20.05,196219
2016-10-10 16:00:00-04:00,20.18,20.77,19.95,20.6,144500
2016-10-11 16:00:00-04:00,20.57,20.66,19.68,19.95,162012
2016-10-12 16:00:00-04:00,19.94,20.0,19.26,19.28,323556
2016-10-13 16:00:00-04:00,19.16,19.72,19.03,19.57,308677
2016-10-14 16:00:00-04:00,19.66,19.77,19.48,19.66,193411
2016-10-17 16:00:00-04:00,19.65,19.67,19.37,19.61,166667
2016-10-18 16:00:00-04:00,19.83,19.89,19.41,19.69,480969
2016-10-19 16:00:00-04:00,19.74,19.86,19.545,19.78,337136
2016-10-20 16:00:00-04:00,19.68,19.84,19.59,19.6,165585
2016-10-21 16:00:00-04:00,19.45,19.45,19.24,19.29,123241
2016-10-24 16:00:00-04:00,19.4,19.61,19.29,19.41,129823
2016-10-25 16:00:00-04:00,19.43,19.47,19.204,19.35,170558
2016-10-26 16:00:00-04:00,19.3,19.33,19.08,19.18,215136
2016-10-27 16:00:00-04:00,19.22,19.22,18.27,18.36,191423
2016-10-28 16:00:00-04:00,18.36,18.53,18.08,18.22,347289
2016-10-31 16:00:00-04:00,18.31,18.69,18.2,18.47,412722
2016-11-01 16:00:00-04:00,18.39,18.79,17.61,17.89,452887
2016-11-02 16:00:00-04:00,17.82,18.37,17.67,18.36,622380
2016-11-03 16:00:00-04:00,18.99,18.99,17.6,18.5,566046
2016-11-04 16:00:00-04:00,18.37,18.5,17.79,17.9,369354
2016-11-07 16:00:00-05:00,18.3,18.9,18.16,18.83,309576
2016-11-08 16:00:00-05:00,18.6,18.96,18.36,18.83,218170
2016-11-09 16:00:00-05:00,18.67,19.7,18.1301,19.67,495705
2016-11-10 16:00:00-05:00,19.88,20.86,19.78,20.64,572274
2016-11-11 16:00:00-05:00,20.65,20.93,20.2,20.71,409603
2016-11-14 16:00:00-05:00,20.94,21.97,20.73,21.73,246663
2016-11-15 16:00:00-05:00,21.58,21.94,21.34,21.65,357367
2016-11-16 16:00:00-05:00,21.49,21.58,21.09,21.31,297633
2016-11-17 16:00:00-05:00,21.41,21.8,21.39,21.65,140485
2016-11-18 16:00:00-05:00,21.76,21.94,21.64,21.79,161798
2016-11-21 16:00:00-05:00,21.68,22.19,21.655,21.72,204653
2016-11-22 16:00:00-05:00,21.69,21.87,21.44,21.67,210380
2016-11-23 16:00:00-05:00,21.53,21.97,21.38,21.96,166724
2016-11-25 13:00:00-05:00,21.86,22.06,21.81,22.06,50510
2016-11-28 16:00:00-05:00,21.92,22.09,21.67,21.82,237012
2016-11-29 16:00:00-05:00,21.87,22.26,21.87,22.22,189295
2016-11-30 16:00:00-05:00,22.28,22.34,21.53,21.62,242579
2016-12-01 16:00:00-05:00,21.66,22.09,21.615,21.91,371329
2016-12-02 16:00:00-05:00,21.92,22.28,21.59,21.6,185429
2016-12-05 16:00:00-05:00,21.77,21.98,21.6,21.96,165342
2016-12-06 16:00:00-05:00,22.06,22.22,21.62,22.05,222810
2016-12-07 16:00:00-05:00,21.97,22.3,21.5,22.14,155557
2016-12-08 16:00:00-05:00,22.21,22.41,21.855,22.25,323804
2016-12-09 16:00:00-05:00,22.38,22.64,22.26,22.55,184987
2016-12-12 16:00:00-05:00,22.48,22.76,22.074,22.58,181099
2016-12-13 16:00:00-05:00,22.68,22.88,22.25,22.38,381214
2016-12-14 16:00:00-05:00,22.3,22.43,21.5293,21.86,305731
2016-12-15 16:00:00-05:00,22.09,22.79,21.88,22.5,256192
2016-12-16 16:00:00-05:00,22.59,22.78,22.1,22.46,588390
2016-12-19 16:00:00-05:00,22.49,22.85,22.49,22.71,122511
2016-12-20 16:00:00-05:00,22.87,23.18,22.48,22.85,202682
2016-12-21 16:00:00-05:00,22.77,22.93,22.58,22.69,107431
2016-12-22 16:00:00-05:00,22.76,22.89,22.16,22.22,166483
2016-12-23 16:00:00-05:00,22.22,22.81,22.025,22.74,169980
2016-12-27 16:00:00-05:00,22.73,23.01,22.23,22.66,101559
2016-12-28 16:00:00-05:00,22.76,22.76,22.13,22.2,116649
2016-12-29 16:00:00-05:00,22.26,22.55,22.16,22.32,119485
2016-12-30 16:00:00-05:00,22.33,22.33,21.98,22.21,142939
2017-01-03 16:00:00-05:00,22.52,22.66,22.13,22.38,247312
2017-01-04 16:00:00-05:00,21.03,21.53,20.19,20.95,944148
2017-01-05 16:00:00-05:00,21.0,21.295,20.74,20.81,376572
2017-01-06 16:00:00-05:00,20.95,20.96,20.4,20.44,296085
2017-01-09 16:00:00-05:00,20.5,20.82,20.45,20.54,308576
2017-01-10 16:00:00-05:00,20.52,20.77,20.39,20.65,277578
2017-01-11 16:00:00-05:00,20.74,20.76,20.37,20.71,259544
2017-01-12 16:00:00-05:00,20.62,20.72,20.37,20.63,208944
2017-01-13 16:00:00-05:00,20.61,20.88,20.52,20.79,156891
2017-01-17 16:00:00-05:00,20.63,20.81,20.42,20.68,163997
2017-01-18 16:00:00-05:00,20.77,20.77,20.41,20.6,164159
2017-01-19 16:00:00-05:00,20.55,20.64,20.26,20.28,210679
2017-01-20 16:00:00-05:00,20.27,20.415,20.2,20.26,142100
2017-01-23 16:00:00-05:00,20.24,20.46,20.04,20.4,159656
2017-01-24 16:00:00-05:00,20.45,20.54,20.03,20.5,132569
2017-01-25 16:00:00-05:00,20.65,20.65,20.42,20.52,155811
2017-01-26 16:00:00-05:00,20.31,20.67,20.31,20.47,109634
2017-01-27 16:00:00-05:00,20.45,20.61,20.27,20.51,112231
2017-01-30 16:00:00-05:00,20.38,20.38,19.78,20.22,252129
2017-01-31 16:00:00-05:00,20.11,20.42,19.975,20.34,192655
2017-02-01 16:00:00-05:00,20.34,20.76,20.26,20.3,172438
2017-02-02 16:00:00-05:00,20.3,20.41,19.95,20.04,218609
2017-02-03 16:00:00-05:00,20.28,20.33,19.95,20.31,256735
2017-02-06 16:00:00-05:00,20.24,20.43,20.05,20.28,334321
2017-02-07 16:00:00-05:00,20.25,20.62,20.225,20.54,287779
2017-02-08 16:00:00-05:00,20.44,20.44,19.95,20.0,181572
2017-02-09 16:00:00-05:00,18.75,19.66,16.76,17.47,1955735
2017-02-10 16:00:00-05:00,17.32,17.87,17.11,17.35,695099
2017-02-13 16:00:00-05:00,17.44,17.68,17.31,17.35,462985
2017-02-14 16:00:00-05:00,17.24,18.11,17.24,17.98,677879
2017-02-15 16:00:00-05:00,17.89,18.1,17.78,17.9,503541
2017-02-16 16:00:00-05:00,17.9,18.14,17.9,18.1,457353
2017-02-17 16:00:00-05:00,18.14,18.25,18.0,18.11,255837
2017-02-21 16:00:00-05:00,18.18,18.69,18.18,18.62,190226
2017-02-22 16:00:00-05:00,18.57,18.75,18.47,18.71,164003
2017-02-23 16:00:00-05:00,18.7,18.8,18.37,18.79,397139
2017-02-24 16:00:00-05:00,18.62,18.99,18.52,18.97,239076
2017-02-27 16:00:00-05:00,18.95,19.18,18.79,19.14,330844
2017-02-28 16:00:00-05:00,19.12,19.14,18.815,18.84,278730
2017-03-01 16:00:00-05:00,18.96,19.01,18.74,18.82,299935
2017-03-02 16:00:00-05:00,18.74,18.97,18.64,18.7,408564
2017-03-03 16:00:00-05:00,18.7,18.94,18.55,18.92,153591
2017-03-06 16:00:00-05:00,18.9,18.9,18.67,18.77,235217
2017-03-07 16:00:00-05:00,18.68,18.77,18.47,18.49,252474
2017-03-08 16:00:00-05:00,18.54,18.62,18.43,18.48,287614
2017-03-09 16:00:00-05:00,18.41,18.63,18.3,18.56,179656
2017-03-10 16:00:00-05:00,18.67,18.8,18.51,18.72,253422
2017-03-13 16:00:00-04:00,18.64,18.88,18.32,18.38,164481
2017-03-14 16:00:00-04:00,18.3,18.3,18.0,18.03,216431
2017-03-15 16:00:00-04:00,18.1,18.51,18.01,18.09,191770
2017-03-16 16:00:00-04:00,18.05,18.23,18.05,18.23,112740
2017-03-17 16:00:00-04:00,18.1,18.43,18.1,18.38,462838
2017-03-20 16:00:00-04:00,18.41,18.72,18.31,18.62,241587
2017-03-21 16:00:00-04:00,18.71,18.78,18.25,18.26,203922
2017-03-22 16:00:00-04:00,18.2,18.32,18.0,18.19,179043
2017-03-23 16:00:00-04:00,18.13,18.63,18.11,18.29,128494
2017-03-24 16:00:00-04:00,18.3,18.43,18.175,18.39,182384
2017-03-27 16:00:00-04:00,18.33,18.79,18.26,18.34,241520
2017-03-28 16:00:00-04:00,18.2,18.38,18.13,18.32,228698
2017-03-29 16:00:00-04:00,18.21,18.34,18.14,18.28,160126
2017-03-30 16:00:00-04:00,18.64,19.06,18.48,18.7,283054
2017-03-31 16:00:00-04:00,18.75,18.9,18.61,18.8,325494
2017-04-03 16:00:00-04:00,18.82,18.85,18.27,18.32,153019
2017-04-04 16:00:00-04:00,18.35,18.48,18.06,18.12,182361
2017-04-05 16:00:00-04:00,18.13,18.47,18.0,18.07,209414
2017-04-06 16:00:00-04:00,18.1,18.5,17.99,18.47,155457
2017-04-07 16:00:00-04:00,18.39,18.75,18.35,18.5,319826
2017-04-10 16:00:00-04:00,18.6,19.04,18.53,18.6,160150
2017-04-11 16:00:00-04:00,18.6,18.93,18.5721,18.81,237750
2017-04-12 16:00:00-04:00,18.85,19.17,18.47,19.05,424660
2017-04-13 16:00:00-04:00,19.04,19.1199,18.53,18.55,329626
2017-04-17 16:00:00-04:00,18.55,18.85,18.06,18.47,763675
2017-04-18 16:00:00-04:00,18.39,18.475,18.01,18.18,217655
2017-04-19 16:00:00-04:00,18.23,18.41,18.22,18.28,183800
2017-04-20 16:00:00-04:00,18.12,18.62,16.505,18.55,214860
2017-04-21 16:00:00-04:00,18.56,18.61,18.32,18.51,135488
2017-04-24 16:00:00-04:00,18.78,18.82,18.56,18.72,134408
2017-04-25 16:00:00-04:00,18.87,19.12,18.75,18.85,134654
2017-04-26 16:00:00-04:00,18.79,19.27,18.79,19.04,273616
2017-04-27 16:00:00-04:00,19.13,19.25,18.99,19.12,344206
2017-04-28 16:00:00-04:00,17.89,18.36,17.0901,17.95,789354
2017-05-01 16:00:00-04:00,18.79,21.16,18.79,19.17,1229509
2017-05-02 16:00:00-04:00,19.12,19.81,18.84,19.81,846984
2017-05-03 16:00:00-04:00,19.8,20.18,19.2,19.26,421453
2017-05-04 16:00:00-04:00,19.33,19.61,19.25,19.58,294465
2017-05-05 16:00:00-04:00,19.61,19.73,19.54,19.65,194402
2017-05-08 16:00:00-04:00,19.65,19.99,19.65,19.81,175334
2017-05-09 16:00:00-04:00,19.8,20.11,19.59,19.66,146718
2017-05-10 16:00:00-04:00,19.6,20.14,19.54,20.04,210780
2017-05-11 16:00:00-04:00,20.01,20.28,19.7,19.78,186848
2017-05-12 16:00:00-04:00,19.81,19.85,19.43,19.73,131305
2017-05-15 16:00:00-04:00,19.75,19.83,19.33,19.38,186935
2017-05-16 16:00:00-04:00,19.4,19.63,19.04,19.04,127979
2017-05-17 16:00:00-04:00,18.91,19.09,18.67,18.68,224622
2017-05-18 16:00:00-04:00,18.61,18.81,18.52,18.64,125544
2017-05-19 16:00:00-04:00,18.61,18.87,18.57,18.63,244578
2017-05-22 16:00:00-04:00,18.64,18.78,18.62,18.73,109482
2017-05-23 16:00:00-04:00,18.86,19.24,18.63,18.9,357039
2017-05-24 16:00:00-04:00,18.88,19.13,18.54,18.55,127447
2017-05-25 16:00:00-04:00,18.58,18.82,18.51,18.64,94531
2017-05-26 16:00:00-04:00,18.59,18.59,18.28,18.53,84935
2017-05-30 16:00:00-04:00,18.45,18.54,18.25,18.27,91733
2017-05-31 16:00:00-04:00,18.29,18.49,18.0,18.38,206811
2017-06-01 16:00:00-04:00,18.4,18.84,18.18,18.84,313643
2017-06-02 16:00:00-04:00,18.84,19.29,18.84,18.96,185975
2017-06-05 16:00:00-04:00,18.93,19.0,18.6,18.97,170395
2017-06-06 16:00:00-04:00,18.9,18.98,18.66,18.8,131035
2017-06-07 16:00:00-04:00,18.76,19.035,18.7,18.87,225565
2017-06-08 16:00:00-04:00,18.87,19.4,18.85,19.34,220656
2017-06-09 16:00:00-04:00,19.31,20.0,19.07,19.99,243663
2017-06-12 16:00:00-04:00,19.96,20.32,19.89,20.28,290105
2017-06-13 16:00:00-04:00,20.34,20.73,20.17,20.71,279061
2017-06-14 16:00:00-04:00,20.77,20.92,20.48,20.68,289657
2017-06-15 16:00:00-04:00,20.55,20.7,20.44,20.68,168549
2017-06-16 16:00:00-04:00,20.36,20.73,20.14,20.69,371051
2017-06-19 16:00:00-04:00,20.74,20.98,20.585,20.89,196858
2017-06-20 16:00:00-04:00,20.89,21.16,20.82,20.98,156051
2017-06-21 16:00:00-04:00,21.01,21.19,20.765,20.79,173533
2017-06-22 16:00:00-04:00,20.85,21.4,20.85,21.08,145328
2017-06-23 16:00:00-04:00,21.07,21.69,20.82,21.65,1100479
2017-06-26 16:00:00-04:00,21.76,22.2,21.65,21.99,291934
2017-06-27 16:00:00-04:00,21.99,22.02,21.7,21.79,161320
2017-06-28 16:00:00-04:00,21.86,22.18,21.62,22.08,341788
2017-06-29 16:00:00-04:00,22.16,22.24,21.84,22.08,153673
2017-06-30 16:00:00-04:00,22.03,22.19,20.76,21.77,158904
2017-07-03 13:00:00-04:00,21.77,22.0,21.65,21.92,70921
2017-07-05 16:00:00-04:00,21.95,22.04,21.79,21.87,182731
2017-07-06 16:00:00-04:00,21.58,21.72,20.991,21.19,240043
2017-07-07 16:00:00-04:00,21.3,21.66,20.9061,21.61,122697
2017-07-10 16:00:00-04:00,21.47,21.63,21.26,21.33,257681
2017-07-11 16:00:00-04:00,21.42,21.57,21.06,21.32,134834
2017-07-12 16:00:00-04:00,21.46,21.57,21.33,21.41,121707
2017-07-13 16:00:00-04:00,21.4,21.4,21.15,21.35,96771
2017-07-14 16:00:00-04:00,21.34,21.55,21.28,21.49,144498
2017-07-17 16:00:00-04:00,21.48,21.66,21.395,21.53,90759
2017-07-18 16:00:00-04:00,21.52,21.56,21.33,21.46,94895
2017-07-19 16:00:00-04:00,21.46,22.12,21.445,22.08,232180
2017-07-20 16:00:00-04:00,22.03,22.78,21.93,22.54,270582
2017-07-21 16:00:00-04:00,22.65,22.74,22.46,22.7,201835
2017-07-24 16:00:00-04:00,22.53,23.17,22.39,22.88,338429
2017-07-25 16:00:00-04:00,22.94,23.35,21.683,23.25,271638
2017-07-26 16:00:00-04:00,22.74,23.01,21.89,22.58,355508
2017-07-27 16:00:00-04:00,22.69,22.87,22.37,22.41,153884
2017-07-28 16:00:00-04:00,22.39,22.53,22.2,22.44,99748
2017-07-31 16:00:00-04:00,22.52,22.52,22.2,22.37,168389
2017-08-01 16:00:00-04:00,22.47,22.47,21.92,22.0,161904
2017-08-02 16:00:00-04:00,22.0,22.19,21.68,21.74,206365
2017-08-03 16:00:00-04:00,21.69,21.99,21.54,21.64,201003
2017-08-04 16:00:00-04:00,19.7,20.76,18.75,20.13,443299
2017-08-07 16:00:00-04:00,20.13,20.32,19.69,20.01,337344
2017-08-08 16:00:00-04:00,19.98,20.53,19.9,20.16,164622
2017-08-09 16:00:00-04:00,20.01,20.1,19.72,19.88,226675
2017-08-10 16:00:00-04:00,19.71,19.89,19.62,19.65,186664
2017-08-11 16:00:00-04:00,19.77,19.845,19.51,19.76,129975
2017-08-14 16:00:00-04:00,19.85,20.19,19.74,20.19,121625
2017-08-15 16:00:00-04:00,20.25,20.36,20.0,20.2,119845
2017-08-16 16:00:00-04:00,20.31,20.36,20.0,20.04,136385
2017-08-17 16:00:00-04:00,19.98,20.16,19.71,19.72,169674
2017-08-18 16:00:00-04:00,19.55,19.75,19.42,19.61,112093
2017-08-21 16:00:00-04:00,19.64,19.77,19.54,19.63,127642
2017-08-22 16:00:00-04:00,19.69,20.07,19.65,19.81,85510
2017-08-23 16:00:00-04:00,19.74,20.9,19.74,19.8,78565
2017-08-24 16:00:00-04:00,19.83,19.97,19.79,19.87,144680
2017-08-25 16:00:00-04:00,20.0,20.095,19.4,19.87,335092
2017-08-28 16:00:00-04:00,19.98,20.225,19.911,20.12,117009
2017-08-29 16:00:00-04:00,19.93,19.94,19.65,19.73,100308
2017-08-30 16:00:00-04:00,19.72,19.85,19.57,19.81,81285
2017-08-31 16:00:00-04:00,19.92,20.6,19.92,20.54,144473
2017-09-01 16:00:00-04:00,20.57,20.8,20.41,20.78,91212
2017-09-05 16:00:00-04:00,20.79,21.03,20.51,20.59,148172
2017-09-06 16:00:00-04:00,20.65,20.72,20.34,20.39,200184
2017-09-07 16:00:00-04:00,20.43,20.615,20.2475,20.55,90004
2017-09-08 16:00:00-04:00,20.54,21.09,20.54,21.01,112934
2017-09-11 16:00:00-04:00,21.13,21.335,20.85,21.01,161225
2017-09-12 16:00:00-04:00,20.97,21.09,20.81,20.83,111643
2017-09-13 16:00:00-04:00,20.79,20.86,20.32,20.43,115348
2017-09-14 16:00:00-04:00,20.43,20.6,20.27,20.42,136364
2017-09-15 16:00:00-04:00,20.49,20.53,20.08,20.32,433741
2017-09-18 16:00:00-04:00,20.44,20.68,20.21,20.47,144854
2017-09-19 16:00:00-04:00,20.41,20.62,19.94,20.14,117443
2017-09-20 16:00:00-04:00,20.19,20.86,20.07,20.77,139849
2017-09-21 16:00:00-04:00,20.68,21.16,20.56,21.1,99668
2017-09-22 16:00:00-04:00,21.08,21.47,21.06,21.22,101680
2017-09-25 16:00:00-04:00,21.05,21.4199,21.05,21.36,150642
2017-09-26 16:00:00-04:00,21.44,21.91,21.44,21.53,126031
2017-09-27 16:00:00-04:00,21.58,22.21,21.57,22.07,181609
2017-09-28 16:00:00-04:00,22.08,22.62,22.01,22.55,73101
2017-09-29 16:00:00-04:00,22.54,22.78,22.5,22.59,113331
2017-10-02 16:00:00-04:00,22.58,23.41,22.58,23.4,164854
2017-10-03 16:00:00-04:00,23.42,23.44,22.865,23.4,147795
2017-10-04 16:00:00-04:00,23.32,23.69,23.0,23.02,122569
2017-10-05 16:00:00-04:00,23.11,23.36,23.01,23.04,79952
2017-10-06 16:00:00-04:00,23.07,23.16,22.57,22.65,138408
2017-10-09 16:00:00-04:00,22.59,22.69,21.85,21.93,130249
2017-10-10 16:00:00-04:00,22.0,22.125,21.59,21.59,110255
2017-10-11 16:00:00-04:00,21.67,22.24,21.67,21.87,332704
2017-10-12 16:00:00-04:00,21.84,21.965,21.52,21.54,185189
2017-10-13 16:00:00-04:00,21.44,21.6,20.81,21.5,260273
2017-10-16 16:00:00-04:00,21.5,21.96,21.46,21.96,143076
2017-10-17 16:00:00-04:00,22.0,22.24,21.88,22.03,140948
2017-10-18 16:00:00-04:00,22.19,22.67,21.98,22.44,104119
2017-10-19 16:00:00-04:00,22.43,22.87,22.34,22.81,99694
2017-10-20 16:00:00-04:00,23.78,23.78,22.94,23.02,113000
2017-10-23 16:00:00-04:00,22.94,23.165,22.83,22.94,105920
2017-10-24 16:00:00-04:00,22.97,23.15,22.59,23.02,92705
2017-10-25 16:00:00-04:00,22.98,23.23,22.7022,23.19,141661
2017-10-26 16:00:00-04:00,23.2,23.5,23.0,23.2,154069
2017-10-27 16:00:00-04:00,23.26,23.81,23.06,23.8,147716
2017-10-30 16:00:00-04:00,23.78,23.78,23.05,23.33,243725
2017-10-31 16:00:00-04:00,23.36,23.7,23.08,23.08,242090
2017-11-01 16:00:00-04:00,23.17,23.17,22.19,22.41,151929
2017-11-02 16:00:00-04:00,22.4,23.125,22.4,22.9,118062
2017-11-03 16:00:00-04:00,22.91,23.005,22.62,22.82,127800
2017-11-06 16:00:00-05:00,22.75,23.43,22.75,23.38,99268
2017-11-07 16:00:00-05:00,23.5,23.665,22.765,23.42,135495
2017-11-08 16:00:00-05:00,23.17,23.41,22.7,22.98,264695
2017-11-09 16:00:00-05:00,22.15,23.96,22.15,23.24,214574
2017-11-10 16:00:00-05:00,23.38,23.69,23.12,23.2,121814
2017-11-13 16:00:00-05:00,23.16,23.49,23.12,23.37,101381
2017-11-14 16:00:00-05:00,23.18,23.66,23.1,23.62,112106
2017-11-15 16:00:00-05:00,23.55,23.785,23.175,23.21,172193
2017-11-16 16:00:00-05:00,23.35,24.0,23.29,23.55,222367
2017-11-17 16:00:00-05:00,23.39,23.78,22.88,23.77,239995
2017-11-20 16:00:00-05:00,24.0,24.34,23.63,23.99,218569
2017-11-21 16:00:00-05:00,24.14,24.23,23.92,24.08,192058
2017-11-22 16:00:00-05:00,24.01,24.78,23.76,24.43,148542
2017-11-24 13:00:00-05:00,24.56,24.76,24.33,24.7,85133
2017-11-27 16:00:00-05:00,24.7,24.74,23.13,23.78,182932
2017-11-28 16:00:00-05:00,23.84,23.97,23.49,23.83,217155
2017-11-29 16:00:00-05:00,23.94,24.74,23.71,24.38,286035
2017-11-30 16:00:00-05:00,24.53,24.66,24.08,24.27,151094
2017-12-01 16:00:00-05:00,24.31,24.31,23.09,23.8,154533
2017-12-04 16:00:00-05:00,24.07,24.07,23.07,23.21,160539
2017-12-05 16:00:00-05:00,23.3,23.32,22.51,22.51,172394
2017-12-06 16:00:00-05:00,22.6,22.94,22.52,22.65,100427
2017-12-07 16:00:00-05:00,22.73,23.25,22.73,22.85,160542
2017-12-08 16:00:00-05:00,22.99,23.19,22.7,22.74,128127
