,Open,High,Low,Close,Volume
2003-09-26 16:00:00-04:00,0.0,20.02,20.0,20.0,583100
2003-09-29 16:00:00-04:00,20.01,20.01,20.0,20.01,127500
2003-09-30 16:00:00-04:00,20.01,20.01,20.0,20.01,102100
2003-10-01 16:00:00-04:00,20.0,20.01,20.0,20.01,100300
2003-10-02 16:00:00-04:00,20.01,20.01,20.01,20.01,0
2003-10-03 16:00:00-04:00,20.01,20.28,20.01,20.08,109200
2003-10-06 16:00:00-04:00,20.08,20.25,20.0,20.24,147300
2003-10-07 16:00:00-04:00,20.2,20.25,20.01,20.23,151700
2003-10-08 16:00:00-04:00,20.2,20.37,20.11,20.3,123200
2003-10-09 16:00:00-04:00,20.3,20.3,20.3,20.3,0
2003-10-10 16:00:00-04:00,20.39,20.6,20.25,20.49,95900
2003-10-13 16:00:00-04:00,20.5,20.68,20.35,20.5,133800
2003-10-14 16:00:00-04:00,20.65,20.69,20.45,20.59,148500
2003-10-15 16:00:00-04:00,20.67,20.75,20.48,20.53,151900
2003-10-16 16:00:00-04:00,20.56,20.56,20.56,20.56,0
2003-10-17 16:00:00-04:00,20.6,20.85,20.6,20.72,142400
2003-10-20 16:00:00-04:00,20.63,20.9,20.63,20.85,135700
2003-10-21 16:00:00-04:00,20.88,20.95,20.75,20.85,174200
2003-10-22 16:00:00-04:00,20.56,20.56,20.56,20.56,0
2003-10-23 16:00:00-04:00,20.56,20.79,20.4,20.67,127200
2003-10-24 16:00:00-04:00,20.62,20.74,20.26,20.4,138700
2003-10-27 16:00:00-05:00,20.49,20.65,20.28,20.55,157600
2003-10-28 16:00:00-05:00,20.53,20.6,20.27,20.5,146900
2003-10-29 16:00:00-05:00,20.4,20.53,20.26,20.53,85200
2003-10-30 16:00:00-05:00,20.49,20.49,20.49,20.49,0
2003-10-31 16:00:00-05:00,20.42,20.74,20.36,20.6,110000
2003-11-03 16:00:00-05:00,20.55,20.7,20.4,20.5,105250
2003-11-04 16:00:00-05:00,20.55,20.6,20.45,20.52,89175
2003-11-05 16:00:00-05:00,20.42,20.45,19.85,20.26,284900
2003-11-06 16:00:00-05:00,20.25,20.25,20.25,20.25,0
2003-11-07 16:00:00-05:00,20.24,20.4,20.1,20.2,152500
2003-11-10 16:00:00-05:00,20.25,20.35,20.09,20.25,145000
2003-11-11 16:00:00-05:00,20.3,20.45,20.13,20.3,150600
2003-11-12 16:00:00-05:00,20.3,20.34,20.16,20.25,105400
2003-11-13 16:00:00-05:00,20.18,20.18,20.18,20.18,0
2003-11-14 16:00:00-05:00,20.24,20.29,20.06,20.16,78600
2003-11-17 16:00:00-05:00,20.16,20.2,19.85,20.1,101900
2003-11-18 16:00:00-05:00,20.15,20.33,20.14,20.15,136400
2003-11-19 16:00:00-05:00,20.21,20.28,20.13,20.24,115800
2003-11-20 16:00:00-05:00,20.2,20.2,20.2,20.2,0
2003-11-21 16:00:00-05:00,20.24,20.25,20.05,20.16,168700
2003-11-24 16:00:00-05:00,20.15,20.15,20.15,20.15,0
2003-11-25 16:00:00-05:00,19.9,20.07,19.75,19.97,124700
2003-11-26 16:00:00-05:00,19.95,20.2,19.95,20.18,112900
2003-11-28 13:00:00-05:00,20.18,20.27,20.09,20.27,82100
2003-12-01 16:00:00-05:00,20.22,20.3,20.2,20.22,154100
2003-12-02 16:00:00-05:00,20.28,20.3,20.14,20.2,158400
2003-12-03 16:00:00-05:00,20.18,20.29,20.15,20.2,195300
2003-12-04 16:00:00-05:00,20.3,20.3,20.3,20.3,0
2003-12-05 16:00:00-05:00,20.39,20.49,20.25,20.35,121500
2003-12-08 16:00:00-05:00,20.37,20.45,20.21,20.45,128700
2003-12-09 16:00:00-05:00,20.45,20.5,20.26,20.28,117300
2003-12-10 16:00:00-05:00,20.45,20.5,20.27,20.29,125500
2003-12-11 16:00:00-05:00,20.44,20.44,20.44,20.44,0
2003-12-12 16:00:00-05:00,20.49,20.5,20.31,20.39,154100
2003-12-15 16:00:00-05:00,20.5,20.57,20.31,20.35,195100
2003-12-16 16:00:00-05:00,20.4,20.6,20.28,20.46,192200
2003-12-17 16:00:00-05:00,20.5,20.71,20.2,20.71,195500
2003-12-18 16:00:00-05:00,20.71,20.71,20.71,20.71,0
2003-12-19 16:00:00-05:00,20.79,20.8,20.5,20.8,148000
2003-12-22 16:00:00-05:00,20.7,20.95,20.51,20.9,156400
2003-12-23 16:00:00-05:00,20.9,21.0,20.52,21.0,212000
2003-12-24 13:00:00-05:00,21.04,21.04,20.51,20.66,75400
2003-12-26 13:00:00-05:00,20.68,20.69,20.45,20.67,104100
2003-12-29 16:00:00-05:00,20.52,20.61,20.0,20.37,305200
2003-12-30 16:00:00-05:00,20.3,20.3,20.3,20.3,0
2003-12-31 16:00:00-05:00,20.34,20.38,20.3,20.35,136800
2004-01-02 16:00:00-05:00,20.35,20.44,20.3,20.39,113400
2004-01-05 16:00:00-05:00,20.45,20.59,20.33,20.55,230700
2004-01-06 16:00:00-05:00,20.56,20.57,20.35,20.52,361600
2004-01-07 16:00:00-05:00,20.47,20.55,20.36,20.37,357900
2004-01-08 16:00:00-05:00,20.37,20.37,20.37,20.37,0
2004-01-09 16:00:00-05:00,20.31,20.44,20.27,20.31,175200
2004-01-12 16:00:00-05:00,20.26,20.41,20.23,20.38,190700
2004-01-13 16:00:00-05:00,20.35,20.45,20.3,20.42,210700
2004-01-14 16:00:00-05:00,20.45,20.45,20.35,20.43,225700
2004-01-15 16:00:00-05:00,20.41,20.44,20.33,20.34,226100
2004-01-16 16:00:00-05:00,20.35,20.43,20.35,20.42,169300
2004-01-20 16:00:00-05:00,20.42,20.44,20.3,20.4,194600
2004-01-21 16:00:00-05:00,20.32,20.45,20.32,20.42,270600
2004-01-22 16:00:00-05:00,20.4,20.4,20.4,20.4,0
2004-01-23 16:00:00-05:00,20.39,20.42,20.36,20.42,256100
2004-01-26 16:00:00-05:00,20.41,20.42,20.31,20.32,274600
2004-01-27 16:00:00-05:00,20.31,20.39,20.1,20.17,525100
2004-01-28 16:00:00-05:00,20.19,20.29,20.13,20.29,226800
2004-01-29 16:00:00-05:00,20.25,20.25,20.25,20.25,0
2004-01-30 16:00:00-05:00,20.29,20.49,20.21,20.42,182200
2004-02-02 16:00:00-05:00,20.45,20.65,20.32,20.58,161600
2004-02-03 16:00:00-05:00,20.68,20.92,20.61,20.79,207600
2004-02-04 16:00:00-05:00,20.8,20.94,20.72,20.94,179100
2004-02-05 16:00:00-05:00,21.05,21.05,21.05,21.05,0
2004-02-06 16:00:00-05:00,21.05,21.15,20.7,21.08,222100
2004-02-09 16:00:00-05:00,20.95,21.13,20.67,20.82,225600
2004-02-10 16:00:00-05:00,20.94,21.14,20.7,20.96,274200
2004-02-11 16:00:00-05:00,20.92,21.0,20.73,20.95,318200
2004-02-12 16:00:00-05:00,20.94,20.94,20.94,20.94,0
2004-02-13 16:00:00-05:00,20.9,21.08,20.74,20.91,254700
2004-02-17 16:00:00-05:00,20.98,20.99,20.72,20.84,194400
2004-02-18 16:00:00-05:00,20.89,21.0,20.81,20.97,169600
2004-02-19 16:00:00-05:00,20.78,20.78,20.78,20.78,0
2004-02-20 16:00:00-05:00,20.78,20.84,20.55,20.63,207500
2004-02-23 16:00:00-05:00,20.67,20.68,20.4,20.45,281300
2004-02-24 16:00:00-05:00,20.48,20.54,20.3,20.4,266200
2004-02-25 16:00:00-05:00,20.3,20.59,20.3,20.51,152400
2004-02-26 16:00:00-05:00,20.68,20.68,20.68,20.68,0
2004-02-27 16:00:00-05:00,20.75,20.94,20.6,20.83,144700
2004-03-01 16:00:00-05:00,20.86,20.99,20.72,20.99,155200
2004-03-02 16:00:00-05:00,21.0,21.14,20.81,21.02,148200
2004-03-03 16:00:00-05:00,20.95,21.25,20.88,21.19,191000
2004-03-04 16:00:00-05:00,21.09,21.09,21.09,21.09,0
2004-03-05 16:00:00-05:00,21.22,21.37,21.12,21.37,175700
2004-03-08 16:00:00-05:00,21.27,21.3,21.04,21.22,190200
2004-03-09 16:00:00-05:00,21.29,21.29,20.9,20.99,229100
2004-03-10 16:00:00-05:00,21.0,21.1,20.82,20.89,207900
2004-03-11 16:00:00-05:00,20.7,20.7,20.7,20.7,0
2004-03-12 16:00:00-05:00,20.8,20.86,20.57,20.85,150800
2004-03-15 16:00:00-05:00,20.88,20.88,20.52,20.64,196200
2004-03-16 16:00:00-05:00,20.61,20.72,20.52,20.67,193100
2004-03-17 16:00:00-05:00,20.58,20.76,20.56,20.71,218300
2004-03-18 16:00:00-05:00,20.73,20.73,20.73,20.73,0
2004-03-19 16:00:00-05:00,20.65,20.72,20.62,20.62,115000
2004-03-22 16:00:00-05:00,20.61,20.64,20.41,20.48,170800
2004-03-23 16:00:00-05:00,20.48,20.57,20.28,20.53,237500
2004-03-24 16:00:00-05:00,20.53,20.53,20.18,20.34,233500
2004-03-25 16:00:00-05:00,20.48,20.48,20.48,20.48,0
2004-03-26 16:00:00-05:00,20.48,20.74,20.46,20.61,162900
2004-03-29 16:00:00-05:00,20.73,20.74,20.53,20.7,118600
2004-03-30 16:00:00-05:00,20.79,20.8,20.59,20.7,169600
2004-03-31 16:00:00-05:00,20.8,20.83,20.6,20.77,167100
2004-04-01 16:00:00-05:00,20.96,20.96,20.96,20.96,0
2004-04-02 16:00:00-05:00,20.99,21.1,20.86,20.91,176800
2004-04-05 16:00:00-04:00,20.9,21.01,20.5,20.56,187500
2004-04-06 16:00:00-04:00,20.65,20.7,20.37,20.45,208000
2004-04-07 16:00:00-04:00,20.39,20.64,20.37,20.5,162600
2004-04-08 16:00:00-04:00,20.55,20.55,20.55,20.55,0
2004-04-12 16:00:00-04:00,20.69,20.74,20.35,20.73,176900
2004-04-13 16:00:00-04:00,20.93,20.93,20.15,20.28,233900
2004-04-14 16:00:00-04:00,20.03,20.1,19.2,19.46,303500
2004-04-15 16:00:00-04:00,19.15,19.15,19.15,19.15,0
2004-04-16 16:00:00-04:00,19.16,19.94,19.06,19.83,112900
2004-04-19 16:00:00-04:00,19.94,19.95,19.6,19.83,112200
2004-04-20 16:00:00-04:00,19.94,19.94,19.61,19.89,160600
2004-04-21 16:00:00-04:00,19.9,19.99,19.26,19.26,209300
2004-04-22 16:00:00-04:00,19.2,19.2,19.2,19.2,0
2004-04-23 16:00:00-04:00,19.1,19.43,19.06,19.12,170600
2004-04-26 16:00:00-04:00,19.03,19.24,18.76,18.95,216000
2004-04-27 16:00:00-04:00,18.86,19.15,18.75,19.06,264800
2004-04-28 16:00:00-04:00,19.16,19.23,18.85,18.9,128300
2004-04-29 16:00:00-04:00,18.96,18.96,18.96,18.96,0
2004-04-30 16:00:00-04:00,18.96,18.96,18.5,18.7,160700
2004-05-03 16:00:00-04:00,18.85,19.14,18.65,18.94,131300
2004-05-04 16:00:00-04:00,18.8,19.65,18.76,19.4,263400
2004-05-05 16:00:00-04:00,19.5,19.55,19.05,19.23,123100
2004-05-06 16:00:00-04:00,18.75,18.75,18.75,18.75,0
2004-05-07 16:00:00-04:00,18.73,18.74,18.02,18.4,261300
2004-05-10 16:00:00-04:00,18.0,18.1,16.3,16.93,596400
2004-05-11 16:00:00-04:00,17.1,18.04,17.07,18.0,379200
2004-05-12 16:00:00-04:00,18.0,18.0,17.28,17.66,262800
2004-05-13 16:00:00-04:00,17.92,17.92,17.92,17.92,0
2004-05-14 16:00:00-04:00,17.85,18.15,17.8,18.05,188500
2004-05-17 16:00:00-04:00,18.0,18.1,17.52,18.08,213900
2004-05-18 16:00:00-04:00,18.0,18.7,17.75,18.59,182100
2004-05-19 16:00:00-04:00,18.64,18.79,18.03,18.23,192600
2004-05-20 16:00:00-04:00,18.0,18.0,18.0,18.0,0
2004-05-21 16:00:00-04:00,17.9,18.8,17.85,18.8,209100
2004-05-24 16:00:00-04:00,18.65,18.9,18.1,18.15,219500
2004-05-25 16:00:00-04:00,18.04,18.42,17.92,18.35,192500
2004-05-26 16:00:00-04:00,18.33,18.55,18.33,18.54,127600
2004-05-27 16:00:00-04:00,18.88,18.88,18.88,18.88,0
2004-05-28 16:00:00-04:00,18.78,18.84,18.45,18.62,149000
2004-06-01 16:00:00-04:00,18.52,18.95,18.51,18.95,95800
2004-06-02 16:00:00-04:00,18.95,18.99,18.85,18.99,139300
2004-06-03 16:00:00-04:00,19.0,19.08,18.67,18.9,138800
2004-06-04 16:00:00-04:00,18.93,19.45,18.92,19.32,146100
2004-06-07 16:00:00-04:00,19.23,19.33,19.11,19.18,142000
2004-06-08 16:00:00-04:00,19.23,19.3,18.84,19.0,149500
2004-06-09 16:00:00-04:00,19.0,19.1,18.8,18.8,96100
2004-06-10 16:00:00-04:00,18.88,18.98,18.73,18.9,105700
2004-06-14 16:00:00-04:00,18.77,18.92,18.51,18.75,120000
2004-06-15 16:00:00-04:00,18.7,18.99,18.52,18.58,169900
2004-06-16 16:00:00-04:00,18.52,18.75,18.44,18.53,136800
2004-06-17 16:00:00-04:00,18.45,18.65,18.34,18.65,119800
2004-06-18 16:00:00-04:00,18.51,18.8,18.51,18.8,116500
2004-06-21 16:00:00-04:00,18.74,18.8,18.45,18.55,115200
2004-06-22 16:00:00-04:00,18.5,18.64,18.4,18.49,126600
2004-06-23 16:00:00-04:00,18.55,18.74,18.36,18.6,164600
2004-06-24 16:00:00-04:00,18.33,18.55,18.33,18.41,143800
2004-06-25 16:00:00-04:00,18.53,18.53,18.3,18.47,137700
2004-06-28 16:00:00-04:00,18.42,18.5,17.9,18.0,209800
2004-06-29 16:00:00-04:00,18.0,18.33,18.0,18.25,136000
2004-06-30 16:00:00-04:00,18.33,18.44,18.11,18.44,150000
2004-07-01 16:00:00-04:00,18.4,18.45,18.21,18.45,114300
2004-07-02 16:00:00-04:00,18.45,18.63,18.35,18.52,152200
2004-07-06 16:00:00-04:00,18.64,18.64,18.37,18.57,114500
2004-07-07 16:00:00-04:00,18.59,19.07,18.37,19.03,158500
2004-07-08 16:00:00-04:00,19.0,19.05,18.6,19.03,168000
2004-07-09 16:00:00-04:00,18.9,19.07,18.73,18.95,92400
2004-07-12 16:00:00-04:00,18.78,18.89,18.6,18.85,108400
2004-07-13 16:00:00-04:00,18.85,18.94,18.66,18.89,117800
2004-07-14 16:00:00-04:00,18.78,18.91,18.71,18.85,142900
2004-07-15 16:00:00-04:00,18.73,18.85,18.7,18.73,103600
2004-07-16 16:00:00-04:00,18.77,18.85,18.64,18.7,136700
2004-07-19 16:00:00-04:00,18.78,18.84,18.58,18.74,123100
2004-07-20 16:00:00-04:00,18.79,18.79,18.6,18.74,126000
2004-07-21 16:00:00-04:00,18.79,18.79,18.5,18.52,134600
2004-07-22 16:00:00-04:00,18.5,18.73,18.25,18.65,164800
2004-07-23 16:00:00-04:00,18.58,18.61,18.11,18.16,138500
2004-07-26 16:00:00-04:00,18.11,18.26,17.92,18.01,128800
2004-07-27 16:00:00-04:00,18.0,18.53,17.85,18.47,234700
2004-07-28 16:00:00-04:00,18.47,18.73,18.17,18.71,205900
2004-07-29 16:00:00-04:00,18.72,18.83,18.6,18.8,147600
2004-07-30 16:00:00-04:00,18.89,18.93,18.76,18.93,109700
2004-08-02 16:00:00-04:00,19.04,19.04,18.6,18.8,118800
2004-08-03 16:00:00-04:00,18.8,18.98,18.71,18.86,116100
2004-08-04 16:00:00-04:00,18.81,18.99,18.74,18.99,139200
2004-08-05 16:00:00-04:00,19.0,19.15,18.75,18.91,101800
2004-08-06 16:00:00-04:00,18.89,19.03,18.65,18.7,85300
2004-08-09 16:00:00-04:00,18.7,18.85,18.65,18.67,82700
2004-08-10 16:00:00-04:00,18.59,18.98,18.59,18.92,111200
2004-08-11 16:00:00-04:00,18.86,18.92,18.62,18.8,108800
2004-08-12 16:00:00-04:00,18.8,18.8,18.5,18.5,132000
2004-08-13 16:00:00-04:00,18.45,18.7,18.43,18.61,108300
2004-08-16 16:00:00-04:00,18.61,18.75,18.55,18.69,117400
2004-08-17 16:00:00-04:00,18.75,18.81,18.6,18.71,194200
2004-08-18 16:00:00-04:00,18.8,19.15,18.65,19.1,144000
2004-08-19 16:00:00-04:00,18.98,19.09,18.87,19.09,151200
2004-08-20 16:00:00-04:00,19.09,19.3,18.95,19.3,162100
2004-08-23 16:00:00-04:00,19.22,19.23,18.85,18.95,191100
2004-08-24 16:00:00-04:00,18.9,19.08,18.84,18.99,185600
2004-08-25 16:00:00-04:00,19.03,19.04,18.9,18.99,151700
2004-08-26 16:00:00-04:00,18.9,19.0,18.8,18.88,219500
2004-08-27 16:00:00-04:00,18.97,19.1,18.93,19.1,115400
2004-08-30 16:00:00-04:00,19.15,19.15,18.9,18.99,139000
2004-08-31 16:00:00-04:00,19.0,19.18,18.92,19.12,130400
2004-09-01 16:00:00-04:00,19.19,19.42,19.06,19.42,160900
2004-09-02 16:00:00-04:00,19.42,19.5,19.32,19.49,123200
2004-09-03 16:00:00-04:00,19.5,19.64,19.23,19.6,153500
2004-09-07 16:00:00-04:00,19.51,19.88,19.51,19.72,204300
2004-09-08 16:00:00-04:00,19.82,19.89,19.61,19.62,204800
2004-09-09 16:00:00-04:00,19.6,19.73,19.2,19.2,188400
2004-09-10 16:00:00-04:00,19.35,19.58,19.25,19.58,144400
2004-09-13 16:00:00-04:00,19.63,19.81,19.55,19.71,167800
2004-09-14 16:00:00-04:00,19.68,19.82,19.3,19.3,208200
2004-09-15 16:00:00-04:00,19.35,19.55,19.31,19.35,169500
2004-09-16 16:00:00-04:00,19.43,19.75,19.36,19.74,196100
2004-09-17 16:00:00-04:00,19.75,19.85,19.63,19.81,174700
2004-09-20 16:00:00-04:00,19.82,19.87,19.61,19.77,229700
2004-09-21 16:00:00-04:00,19.82,19.89,19.57,19.65,196000
2004-09-22 16:00:00-04:00,19.57,19.68,19.42,19.62,206800
2004-09-23 16:00:00-04:00,19.68,19.8,19.4,19.71,221600
2004-09-24 16:00:00-04:00,19.76,19.86,19.61,19.61,154300
2004-09-27 16:00:00-04:00,19.55,19.6,19.39,19.59,234300
2004-09-28 16:00:00-04:00,19.67,19.69,19.44,19.55,206000
2004-09-29 16:00:00-04:00,19.64,19.7,19.57,19.7,213300
2004-09-30 16:00:00-04:00,19.84,19.85,19.6,19.85,174800
2004-10-01 16:00:00-04:00,19.8,19.96,19.74,19.96,135800
2004-10-04 16:00:00-04:00,19.92,19.96,19.76,19.9,167100
2004-10-05 16:00:00-04:00,19.9,19.96,19.81,19.91,150400
2004-10-06 16:00:00-04:00,19.83,19.95,19.76,19.95,177500
2004-10-07 16:00:00-04:00,19.89,19.95,19.79,19.85,178800
2004-10-08 16:00:00-04:00,19.9,19.97,19.82,19.85,180500
2004-10-11 16:00:00-04:00,19.96,19.96,19.85,19.95,127400
2004-10-12 16:00:00-04:00,19.95,19.95,19.83,19.89,212300
2004-10-13 16:00:00-04:00,19.89,19.97,19.82,19.96,167100
2004-10-14 16:00:00-04:00,19.95,19.97,19.68,19.9,177900
2004-10-15 16:00:00-04:00,19.9,20.02,19.87,19.93,340200
2004-10-18 16:00:00-04:00,19.91,19.99,19.82,19.92,220900
2004-10-19 16:00:00-04:00,19.93,19.99,19.82,19.86,183200
2004-10-20 16:00:00-04:00,19.85,19.9,19.67,19.86,167700
2004-10-21 16:00:00-04:00,19.84,19.84,19.63,19.8,242900
2004-10-22 16:00:00-04:00,19.73,19.96,19.66,19.85,202200
2004-10-25 16:00:00-04:00,19.88,19.89,19.59,19.69,238400
2004-10-26 16:00:00-04:00,19.74,19.75,19.47,19.75,301600
2004-10-27 16:00:00-04:00,19.65,19.75,19.61,19.72,172400
2004-10-28 16:00:00-04:00,19.74,19.75,19.64,19.69,122400
2004-10-29 16:00:00-04:00,19.7,19.76,19.64,19.71,155100
2004-11-01 16:00:00-05:00,19.74,20.01,19.69,19.99,211300
2004-11-02 16:00:00-05:00,19.89,20.01,19.86,19.96,226900
2004-11-03 16:00:00-05:00,19.79,20.24,19.79,20.11,308300
2004-11-04 16:00:00-05:00,20.14,20.4,20.02,20.31,269100
2004-11-05 16:00:00-05:00,20.31,20.5,20.22,20.31,272100
2004-11-08 16:00:00-05:00,20.25,20.47,20.0,20.25,238200
2004-11-09 16:00:00-05:00,20.36,20.42,20.07,20.21,245300
2004-11-10 16:00:00-05:00,20.21,20.3,20.13,20.3,198800
2004-11-11 16:00:00-05:00,20.39,20.42,20.23,20.33,198000
2004-11-12 16:00:00-05:00,20.38,20.64,20.31,20.49,221200
2004-11-15 16:00:00-05:00,20.49,20.69,20.38,20.51,215900
2004-11-16 16:00:00-05:00,20.38,20.57,20.31,20.4,255300
2004-11-17 16:00:00-05:00,20.38,20.74,20.38,20.51,220200
2004-11-18 16:00:00-05:00,20.59,20.62,20.46,20.57,234100
2004-11-19 16:00:00-05:00,20.67,20.79,20.41,20.63,230700
2004-11-22 16:00:00-05:00,20.52,20.62,20.34,20.53,257500
2004-11-23 16:00:00-05:00,20.45,20.6,20.12,20.22,305400
2004-11-24 16:00:00-05:00,20.24,20.33,20.2,20.28,161200
2004-11-26 16:00:00-05:00,20.31,20.48,20.3,20.47,73600
2004-11-29 16:00:00-05:00,20.48,20.57,20.34,20.42,189500
2004-11-30 16:00:00-05:00,20.54,20.57,20.36,20.49,234100
2004-12-01 16:00:00-05:00,20.41,20.92,20.41,20.77,285600
2004-12-02 16:00:00-05:00,20.77,20.87,20.61,20.87,217000
2004-12-03 16:00:00-05:00,20.94,20.94,20.7,20.94,206600
2004-12-06 16:00:00-05:00,20.95,20.98,20.71,20.83,185700
2004-12-07 16:00:00-05:00,20.76,20.95,20.56,20.68,231000
2004-12-08 16:00:00-05:00,20.67,20.93,20.66,20.78,236600
2004-12-09 16:00:00-05:00,20.72,20.96,20.56,20.9,192600
2004-12-10 16:00:00-05:00,20.86,20.98,20.75,20.94,179200
2004-12-13 16:00:00-05:00,20.98,21.0,20.87,20.97,131600
2004-12-14 16:00:00-05:00,20.99,20.99,20.77,20.85,250500
2004-12-15 16:00:00-05:00,20.82,20.92,20.67,20.87,215100
2004-12-16 16:00:00-05:00,20.82,20.99,20.8,20.85,262600
2004-12-17 16:00:00-05:00,20.8,20.88,20.7,20.79,143600
2004-12-20 16:00:00-05:00,20.89,20.99,20.8,20.87,171200
2004-12-21 16:00:00-05:00,20.91,21.11,20.89,20.95,223200
2004-12-22 16:00:00-05:00,20.91,21.06,20.85,20.92,168300
2004-12-23 16:00:00-05:00,21.05,21.15,20.95,21.0,149200
2004-12-27 16:00:00-05:00,21.1,21.6,21.01,21.53,206900
2004-12-28 16:00:00-05:00,21.54,21.8,21.49,21.59,184100
2004-12-29 16:00:00-05:00,21.5,21.74,21.36,21.5,135900
2004-12-30 16:00:00-05:00,21.47,21.72,21.42,21.55,153000
2004-12-31 16:00:00-05:00,21.58,21.67,21.46,21.67,124700
2005-01-03 16:00:00-05:00,21.67,21.74,21.2,21.31,237900
2005-01-04 16:00:00-05:00,21.38,21.47,20.62,20.75,265200
2005-01-05 16:00:00-05:00,20.75,20.75,20.51,20.61,222700
2005-01-06 16:00:00-05:00,20.61,20.61,20.0,20.56,446100
2005-01-07 16:00:00-05:00,20.64,20.84,20.51,20.69,185500
2005-01-10 16:00:00-05:00,20.74,21.0,20.7,20.93,170500
2005-01-11 16:00:00-05:00,20.9,21.2,20.77,20.98,291800
2005-01-12 16:00:00-05:00,20.97,21.02,20.84,20.98,207900
2005-01-13 16:00:00-05:00,20.95,21.07,20.92,21.0,180600
2005-01-14 16:00:00-05:00,20.98,21.0,20.77,20.99,197300
2005-01-18 16:00:00-05:00,20.92,21.1,20.9,21.07,178700
2005-01-19 16:00:00-05:00,21.09,21.13,20.88,20.89,213200
2005-01-20 16:00:00-05:00,20.89,21.01,20.62,20.66,197000
2005-01-21 16:00:00-05:00,20.69,20.74,20.59,20.72,201000
2005-01-24 16:00:00-05:00,20.71,20.85,20.39,20.43,233300
2005-01-25 16:00:00-05:00,20.48,20.9,20.46,20.68,347000
2005-01-26 16:00:00-05:00,20.58,20.71,20.5,20.55,259000
2005-01-27 16:00:00-05:00,20.56,20.97,20.56,20.97,219200
2005-01-28 16:00:00-05:00,20.98,21.07,20.93,21.07,167500
2005-01-31 16:00:00-05:00,21.15,21.42,21.1,21.35,238600
2005-02-01 16:00:00-05:00,21.36,21.75,21.36,21.55,255600
2005-02-02 16:00:00-05:00,21.57,21.67,21.32,21.51,234900
2005-02-03 16:00:00-05:00,21.5,21.57,21.4,21.57,230500
2005-02-04 16:00:00-05:00,21.52,21.79,21.52,21.74,233600
2005-02-07 16:00:00-05:00,21.74,21.85,21.64,21.81,246500
2005-02-08 16:00:00-05:00,21.82,21.89,21.45,21.6,288000
2005-02-09 16:00:00-05:00,21.59,21.75,21.55,21.61,214000
2005-02-10 16:00:00-05:00,21.6,21.62,21.46,21.62,187200
2005-02-11 16:00:00-05:00,21.54,21.88,21.54,21.8,260000
2005-02-14 16:00:00-05:00,21.8,21.88,21.5,21.6,290600
2005-02-15 16:00:00-05:00,21.6,21.72,21.59,21.72,257400
2005-02-16 16:00:00-05:00,21.66,21.69,21.54,21.66,244800
2005-02-17 16:00:00-05:00,21.66,21.67,21.47,21.53,222600
2005-02-18 16:00:00-05:00,21.5,21.5,21.4,21.49,222300
2005-02-22 16:00:00-05:00,21.49,21.52,20.9,21.02,330200
2005-02-23 16:00:00-05:00,21.0,21.2,21.0,21.16,269900
2005-02-24 16:00:00-05:00,21.25,21.34,21.12,21.34,138200
2005-02-25 16:00:00-05:00,21.34,21.65,21.31,21.65,150300
2005-02-28 16:00:00-05:00,21.68,21.78,21.63,21.72,165200
2005-03-01 16:00:00-05:00,21.72,21.9,21.71,21.88,151100
2005-03-02 16:00:00-05:00,21.89,22.1,21.85,22.01,183400
2005-03-03 16:00:00-05:00,22.0,22.03,21.86,22.0,179600
2005-03-04 16:00:00-05:00,22.05,22.19,21.98,22.07,166900
2005-03-07 16:00:00-05:00,22.14,22.24,21.94,21.98,210400
2005-03-08 16:00:00-05:00,21.97,21.99,21.78,21.84,194900
2005-03-09 16:00:00-05:00,21.71,21.76,21.4,21.45,237000
2005-03-10 16:00:00-05:00,21.44,21.44,21.17,21.25,251200
2005-03-11 16:00:00-05:00,21.02,21.19,20.94,21.04,222600
2005-03-14 16:00:00-05:00,21.09,21.14,21.02,21.1,177500
2005-03-15 16:00:00-05:00,21.05,21.17,20.94,20.98,220000
2005-03-16 16:00:00-05:00,20.95,20.97,20.45,20.59,217600
2005-03-17 16:00:00-05:00,20.63,20.78,20.54,20.78,253700
2005-03-18 16:00:00-05:00,20.75,20.85,20.73,20.82,154100
2005-03-21 16:00:00-05:00,20.83,20.86,20.58,20.61,157900
2005-03-22 16:00:00-05:00,20.49,20.56,19.93,20.08,227400
2005-03-23 16:00:00-05:00,19.98,19.99,19.52,19.79,361100
2005-03-24 16:00:00-05:00,19.86,20.23,19.86,20.05,222100
2005-03-28 16:00:00-05:00,20.04,20.17,19.67,19.86,263200
2005-03-29 16:00:00-05:00,19.93,19.99,19.77,19.89,150500
2005-03-30 16:00:00-05:00,19.95,20.23,19.94,20.16,170700
2005-03-31 16:00:00-05:00,20.29,20.36,20.2,20.23,121400
2005-04-01 16:00:00-05:00,20.4,20.85,20.21,20.44,224600
2005-04-04 16:00:00-04:00,20.4,20.72,20.31,20.72,106500
2005-04-05 16:00:00-04:00,20.66,20.72,20.49,20.56,134000
2005-04-06 16:00:00-04:00,20.59,20.63,20.51,20.61,96600
2005-04-07 16:00:00-04:00,20.54,20.68,20.5,20.64,111000
2005-04-08 16:00:00-04:00,20.64,20.64,20.39,20.39,131700
2005-04-11 16:00:00-04:00,20.35,20.39,20.06,20.14,184600
2005-04-12 16:00:00-04:00,20.16,20.3,20.02,20.27,164500
2005-04-13 16:00:00-04:00,20.27,20.39,20.1,20.11,212500
2005-04-14 16:00:00-04:00,20.12,20.24,20.02,20.08,150700
2005-04-15 16:00:00-04:00,19.94,20.18,19.94,20.03,157200
2005-04-18 16:00:00-04:00,19.97,20.22,19.95,20.22,137300
2005-04-19 16:00:00-04:00,20.32,20.34,20.12,20.2,191900
2005-04-20 16:00:00-04:00,20.07,20.15,19.85,19.94,162200
2005-04-21 16:00:00-04:00,20.04,20.19,19.82,20.06,156700
2005-04-22 16:00:00-04:00,20.02,20.18,19.96,20.1,145100
2005-04-25 16:00:00-04:00,20.1,20.33,20.05,20.18,213800
2005-04-26 16:00:00-04:00,20.25,20.25,20.04,20.07,213100
2005-04-27 16:00:00-04:00,20.05,20.18,20.0,20.17,118100
2005-04-28 16:00:00-04:00,20.15,20.16,20.04,20.09,164900
2005-04-29 16:00:00-04:00,20.29,20.29,20.14,20.22,156000
2005-05-02 16:00:00-04:00,20.22,20.45,20.21,20.38,233300
2005-05-03 16:00:00-04:00,20.36,20.42,20.27,20.4,141700
2005-05-04 16:00:00-04:00,20.46,20.57,20.35,20.52,164200
2005-05-05 16:00:00-04:00,20.5,20.59,20.46,20.54,141900
2005-05-06 16:00:00-04:00,20.55,20.7,20.55,20.6,152000
2005-05-09 16:00:00-04:00,20.57,20.65,20.46,20.626,119900
2005-05-10 16:00:00-04:00,20.57,20.6,20.43,20.51,121800
2005-05-11 16:00:00-04:00,20.41,20.5,20.27,20.5,148900
2005-05-12 16:00:00-04:00,20.5,20.54,20.3,20.37,191400
2005-05-13 16:00:00-04:00,20.31,20.46,20.25,20.35,138800
2005-05-16 16:00:00-04:00,20.3,20.51,20.27,20.5,129200
2005-05-17 16:00:00-04:00,20.44,20.69,20.42,20.69,160100
2005-05-18 16:00:00-04:00,20.68,21.05,20.678,20.88,226500
2005-05-19 16:00:00-04:00,20.96,20.96,20.7,20.83,190900
2005-05-20 16:00:00-04:00,20.78,20.88,20.67,20.82,150700
2005-05-23 16:00:00-04:00,20.84,21.05,20.76,20.9,141400
2005-05-24 16:00:00-04:00,20.9,20.9,20.55,20.58,161900
2005-05-25 16:00:00-04:00,20.61,20.71,20.52,20.57,254400
2005-05-26 16:00:00-04:00,20.64,20.79,20.6,20.74,154900
2005-05-27 16:00:00-04:00,20.81,20.98,20.77,20.98,119000
2005-05-31 16:00:00-04:00,21.14,21.18,20.96,21.1,133100
2005-06-01 16:00:00-04:00,21.07,21.32,21.01,21.12,275200
2005-06-02 16:00:00-04:00,21.05,21.13,20.9,21.07,152400
2005-06-03 16:00:00-04:00,21.11,21.11,20.92,21.0,125700
2005-06-06 16:00:00-04:00,21.0,21.04,20.93,20.97,95000
2005-06-07 16:00:00-04:00,20.99,21.09,20.95,21.03,167100
2005-06-08 16:00:00-04:00,21.03,21.28,21.03,21.13,162000
2005-06-09 16:00:00-04:00,21.1,21.15,21.01,21.1,157400
2005-06-10 16:00:00-04:00,21.06,21.12,20.96,21.09,158900
2005-06-13 16:00:00-04:00,20.99,21.18,20.96,21.13,170300
2005-06-14 16:00:00-04:00,21.03,21.14,21.0,21.12,225300
2005-06-15 16:00:00-04:00,21.09,21.2,21.02,21.1,200600
2005-06-16 16:00:00-04:00,21.07,21.11,20.9,21.1,168100
2005-06-17 16:00:00-04:00,21.07,21.17,21.07,21.13,130100
2005-06-20 16:00:00-04:00,21.07,21.13,21.0,21.13,161200
2005-06-21 16:00:00-04:00,20.94,21.08,20.83,20.83,226400
2005-06-22 16:00:00-04:00,20.84,20.86,20.74,20.8,183200
2005-06-23 16:00:00-04:00,20.73,20.8,20.72,20.79,177700
2005-06-24 16:00:00-04:00,20.78,20.78,20.43,20.55,275200
2005-06-27 16:00:00-04:00,20.57,20.57,20.24,20.3,299100
2005-06-28 16:00:00-04:00,20.37,20.8,20.37,20.8,242700
2005-06-29 16:00:00-04:00,20.86,20.97,20.8,20.94,134300
2005-06-30 16:00:00-04:00,21.08,21.14,21.03,21.05,136800
2005-07-01 16:00:00-04:00,21.05,21.34,20.95,21.15,163800
2005-07-05 16:00:00-04:00,21.1,21.36,21.08,21.34,150700
2005-07-06 16:00:00-04:00,21.34,21.41,21.3,21.33,161700
2005-07-07 16:00:00-04:00,21.28,21.37,21.15,21.36,164500
2005-07-08 16:00:00-04:00,21.36,21.56,21.22,21.5,141600
2005-07-11 16:00:00-04:00,21.5,21.6,21.45,21.57,161100
2005-07-12 16:00:00-04:00,21.6,21.7,21.53,21.63,122100
2005-07-13 16:00:00-04:00,21.67,21.67,21.5,21.64,139100
2005-07-14 16:00:00-04:00,21.65,21.88,21.61,21.78,174700
2005-07-15 16:00:00-04:00,21.81,21.99,21.75,21.98,176200
2005-07-18 16:00:00-04:00,21.95,21.99,21.81,21.96,144600
2005-07-19 16:00:00-04:00,21.92,21.99,21.9,21.95,160600
2005-07-20 16:00:00-04:00,21.83,21.89,21.57,21.82,157600
2005-07-21 16:00:00-04:00,21.84,21.9,21.75,21.84,168600
2005-07-22 16:00:00-04:00,21.89,21.97,21.78,21.89,143600
2005-07-25 16:00:00-04:00,21.81,21.99,21.78,21.94,154600
2005-07-26 16:00:00-04:00,21.98,21.98,21.8,21.94,209000
2005-07-27 16:00:00-04:00,21.98,22.06,21.92,22.03,175000
2005-07-28 16:00:00-04:00,22.04,22.14,21.96,22.14,150400
2005-07-29 16:00:00-04:00,22.25,22.32,22.11,22.3,148200
2005-08-01 16:00:00-04:00,22.29,22.5,22.2,22.41,198400
2005-08-02 16:00:00-04:00,22.47,22.47,22.11,22.18,201500
2005-08-03 16:00:00-04:00,22.08,22.17,21.85,21.98,199100
2005-08-04 16:00:00-04:00,21.93,21.97,21.75,21.8,154600
2005-08-05 16:00:00-04:00,21.76,21.82,21.43,21.55,150200
2005-08-08 16:00:00-04:00,21.55,21.66,21.42,21.55,141700
2005-08-09 16:00:00-04:00,21.58,21.83,21.51,21.83,144300
2005-08-10 16:00:00-04:00,21.78,21.95,21.72,21.72,141000
2005-08-11 16:00:00-04:00,21.82,21.91,21.73,21.84,124600
2005-08-12 16:00:00-04:00,21.83,21.9,21.61,21.78,108700
2005-08-15 16:00:00-04:00,21.85,22.1,21.75,22.1,168300
2005-08-16 16:00:00-04:00,22.14,22.22,22.05,22.05,166600
2005-08-17 16:00:00-04:00,22.04,22.08,21.92,22.02,131200
2005-08-18 16:00:00-04:00,22.03,22.1,21.85,21.99,161400
2005-08-19 16:00:00-04:00,22.01,22.21,21.96,22.21,172300
2005-08-22 16:00:00-04:00,21.74,22.0,21.74,21.864,176500
2005-08-23 16:00:00-04:00,21.89,21.89,21.57,21.58,180400
2005-08-24 16:00:00-04:00,21.55,21.61,21.39,21.48,187100
2005-08-25 16:00:00-04:00,21.38,21.5,21.3,21.36,183500
2005-08-26 16:00:00-04:00,21.36,21.4,21.23,21.33,150400
2005-08-29 16:00:00-04:00,21.32,21.36,21.13,21.33,121100
2005-08-30 16:00:00-04:00,21.36,21.45,21.25,21.45,129200
2005-08-31 16:00:00-04:00,21.55,21.69,21.46,21.69,138400
2005-09-01 16:00:00-04:00,21.71,22.2,21.7,21.91,206500
2005-09-02 16:00:00-04:00,21.95,22.06,21.91,22.0,109500
2005-09-06 16:00:00-04:00,22.0,22.12,22.0,22.04,106300
2005-09-07 16:00:00-04:00,22.07,22.2,22.02,22.13,145000
2005-09-08 16:00:00-04:00,22.18,22.19,22.0,22.12,155500
2005-09-09 16:00:00-04:00,22.08,22.24,22.07,22.17,147400
2005-09-12 16:00:00-04:00,22.19,22.28,22.19,22.25,119600
2005-09-13 16:00:00-04:00,22.12,22.19,22.01,22.06,163900
2005-09-14 16:00:00-04:00,22.01,22.11,21.95,22.03,154100
2005-09-15 16:00:00-04:00,22.04,22.05,21.72,21.88,200000
2005-09-16 16:00:00-04:00,21.91,22.0,21.87,21.92,153300
2005-09-19 16:00:00-04:00,21.95,21.99,21.76,21.88,137200
2005-09-20 16:00:00-04:00,21.83,21.97,21.79,21.88,216900
2005-09-21 16:00:00-04:00,21.66,21.72,21.39,21.53,255400
2005-09-22 16:00:00-04:00,21.45,21.5,21.23,21.35,183700
2005-09-23 16:00:00-04:00,21.35,21.37,21.23,21.32,200600
2005-09-26 16:00:00-04:00,21.38,21.46,21.15,21.21,192600
2005-09-27 16:00:00-04:00,21.41,21.41,21.13,21.24,262900
2005-09-28 16:00:00-04:00,21.29,21.37,21.22,21.31,148500
2005-09-29 16:00:00-04:00,21.29,21.54,21.209,21.53,147400
2005-09-30 16:00:00-04:00,21.64,21.65,21.53,21.64,108300
2005-10-03 16:00:00-04:00,21.65,21.98,21.49,21.83,203500
2005-10-04 16:00:00-04:00,21.81,21.83,21.61,21.63,115000
2005-10-05 16:00:00-04:00,21.61,21.62,21.33,21.4,151500
2005-10-06 16:00:00-04:00,21.33,21.39,20.7505,21.15,133100
2005-10-07 16:00:00-04:00,21.15,21.35,21.07,21.33,122400
2005-10-10 16:00:00-04:00,21.25,21.34,21.2,21.27,92400
2005-10-11 16:00:00-04:00,21.36,21.44,21.17,21.3,150500
2005-10-12 16:00:00-04:00,21.17,21.25,21.03,21.12,125200
2005-10-13 16:00:00-04:00,21.17,21.17,20.1,20.56,287800
2005-10-14 16:00:00-04:00,21.51,21.51,20.52,20.89,124000
2005-10-17 16:00:00-04:00,20.85,21.1,20.8,21.03,112100
2005-10-18 16:00:00-04:00,21.01,21.37,20.87,21.19,176800
2005-10-19 16:00:00-04:00,21.1,21.15,20.87,21.07,185500
2005-10-20 16:00:00-04:00,21.03,21.04,20.71,20.75,155100
2005-10-21 16:00:00-04:00,20.78,21.12,20.78,21.05,144300
2005-10-24 16:00:00-04:00,21.13,21.39,21.07,21.37,124600
2005-10-25 16:00:00-04:00,21.31,21.48,21.27,21.44,129800
2005-10-26 16:00:00-04:00,21.48,21.58,21.25,21.51,160600
2005-10-27 16:00:00-04:00,21.45,21.5,21.31,21.37,98900
2005-10-28 16:00:00-04:00,21.33,21.48,21.18,21.3599,151800
2005-10-31 16:00:00-05:00,21.5,21.63,21.31,21.51,135700
2005-11-01 16:00:00-05:00,21.58,21.79,21.5,21.74,160000
2005-11-02 16:00:00-05:00,21.7,21.85,21.48,21.84,172600
2005-11-03 16:00:00-05:00,21.88,22.05,21.88,21.99,154400
2005-11-04 16:00:00-05:00,21.99,22.04,21.84,21.99,137500
2005-11-07 16:00:00-05:00,22.1,22.26,21.89,22.26,141600
2005-11-08 16:00:00-05:00,22.25,22.3,22.15,22.19,142900
2005-11-09 16:00:00-05:00,22.16,22.2,22.05,22.13,97100
2005-11-10 16:00:00-05:00,22.08,22.15,21.87,22.03,144000
2005-11-11 16:00:00-05:00,22.08,22.2,21.82,22.2,144400
2005-11-14 16:00:00-05:00,22.0,22.24,21.94,21.96,144700
2005-11-15 16:00:00-05:00,21.98,22.25,21.95,22.2,117800
2005-11-16 16:00:00-05:00,22.2,22.25,22.13,22.2,125000
2005-11-17 16:00:00-05:00,22.2,22.29,22.18,22.21,158400
2005-11-18 16:00:00-05:00,22.24,22.36,22.1,22.35,161400
2005-11-21 16:00:00-05:00,22.27,22.27,22.11,22.2,157500
2005-11-22 16:00:00-05:00,22.18,22.2,21.87,21.92,114800
2005-11-23 16:00:00-05:00,21.92,21.94,21.67,21.76,120300
2005-11-25 16:00:00-05:00,21.86,21.94,21.81,21.94,67400
2005-11-28 16:00:00-05:00,21.76,21.93,21.7001,21.86,117000
2005-11-29 16:00:00-05:00,21.93,21.94,21.68,21.89,123000
2005-11-30 16:00:00-05:00,22.02,22.02,21.82,21.89,126400
2005-12-01 16:00:00-05:00,22.05,22.46,21.93,22.39,207900
2005-12-02 16:00:00-05:00,22.28,22.49,22.27,22.42,127800
2005-12-05 16:00:00-05:00,22.42,22.46,22.25,22.4,100600
2005-12-06 16:00:00-05:00,22.45,22.5,22.34,22.45,134700
2005-12-07 16:00:00-05:00,22.49,22.6,22.4,22.5,117500
2005-12-08 16:00:00-05:00,22.49,22.55,22.42,22.48,121000
2005-12-09 16:00:00-05:00,22.46,22.56,22.42,22.5,99100
2005-12-12 16:00:00-05:00,22.64,22.64,22.16,22.22,151000
2005-12-13 16:00:00-05:00,22.13,22.21,21.9,22.04,113900
2005-12-14 16:00:00-05:00,22.0,22.45,21.99,22.45,121500
2005-12-15 16:00:00-05:00,22.44,22.87,22.35,22.87,103600
2005-12-16 16:00:00-05:00,22.97,23.12,22.81,23.07,146000
2005-12-19 16:00:00-05:00,22.8,22.9,22.62,22.68,158900
2005-12-20 16:00:00-05:00,22.68,22.76,22.57,22.76,151500
2005-12-21 16:00:00-05:00,22.86,23.1,22.8,22.95,148100
2005-12-22 16:00:00-05:00,23.04,23.08,22.59,22.68,165700
2005-12-23 16:00:00-05:00,22.65,22.79,22.52,22.69,113000
2005-12-27 16:00:00-05:00,22.73,22.9,22.52,22.6474,115600
2005-12-28 16:00:00-05:00,22.83,22.83,22.5,22.65,166500
2005-12-29 16:00:00-05:00,22.58,23.416,22.58,22.87,193400
2005-12-30 16:00:00-05:00,22.87,22.87,22.47,22.58,104000
2006-01-03 16:00:00-05:00,22.61,22.62,22.38,22.52,110600
2006-01-04 16:00:00-05:00,22.57,23.11,22.54,22.9,127100
2006-01-05 16:00:00-05:00,22.99,23.04,22.82,23.04,107700
2006-01-06 16:00:00-05:00,23.1,23.2,22.9,23.0,109900
2006-01-09 16:00:00-05:00,23.1,23.4,23.0,23.38,207800
2006-01-10 16:00:00-05:00,23.39,23.45,23.02,23.15,140800
2006-01-11 16:00:00-05:00,23.12,23.25,23.0,23.13,134900
2006-01-12 16:00:00-05:00,23.09,23.19,23.05,23.14,92500
2006-01-13 16:00:00-05:00,23.07,23.15,22.9,23.08,120800
2006-01-17 16:00:00-05:00,23.0,23.13,23.0,23.1,100200
2006-01-18 16:00:00-05:00,22.95,23.29,22.85,23.13,143400
2006-01-19 16:00:00-05:00,23.18,23.3,23.13,23.25,137800
2006-01-20 16:00:00-05:00,23.25,23.27,22.97,23.01,120200
2006-01-23 16:00:00-05:00,23.03,23.25,22.98,23.03,94900
2006-01-24 16:00:00-05:00,23.03,23.17,22.81,22.99,146500
2006-01-25 16:00:00-05:00,23.05,23.11,22.83,22.91,131200
2006-01-26 16:00:00-05:00,22.9,23.05,22.84,23.0,134500
2006-01-27 16:00:00-05:00,22.99,23.12,22.95,23.05,137400
2006-01-30 16:00:00-05:00,23.1,23.12,22.97,23.07,108100
2006-01-31 16:00:00-05:00,23.11,23.12,22.91,23.06,99200
2006-02-01 16:00:00-05:00,23.01,23.12,23.0,23.09,99600
2006-02-02 16:00:00-05:00,23.02,23.12,22.99,23.1,121100
2006-02-03 16:00:00-05:00,23.13,23.13,22.94,22.98,105300
2006-02-06 16:00:00-05:00,22.93,23.08,22.91,22.98,98300
2006-02-07 16:00:00-05:00,23.03,23.05,22.77,22.91,128900
2006-02-08 16:00:00-05:00,22.91,23.01,22.87,22.88,90300
2006-02-09 16:00:00-05:00,22.88,23.3,22.88,22.94,100300
2006-02-10 16:00:00-05:00,22.96,23.08,22.84,22.94,82400
2006-02-13 16:00:00-05:00,22.95,23.08,22.76,22.9,101500
2006-02-14 16:00:00-05:00,22.98,23.18,22.9,22.95,130700
2006-02-15 16:00:00-05:00,22.99,23.14,22.92,23.02,100800
2006-02-16 16:00:00-05:00,23.0,23.02,22.76,22.85,143200
2006-02-17 16:00:00-05:00,22.8,22.99,22.75,22.96,105300
2006-02-21 16:00:00-05:00,22.92,23.15,22.84,23.15,118000
2006-02-22 16:00:00-05:00,23.15,23.57,23.15,23.41,181100
2006-02-23 16:00:00-05:00,23.48,23.49,23.32,23.4,202800
2006-02-24 16:00:00-05:00,23.45,23.7,23.31,23.35,143400
2006-02-27 16:00:00-05:00,23.37,23.45,23.33,23.45,117300
2006-02-28 16:00:00-05:00,23.5,23.64,23.37,23.45,190900
2006-03-01 16:00:00-05:00,23.44,23.8,23.44,23.62,166300
2006-03-02 16:00:00-05:00,23.67,23.74,23.47,23.49,96900
2006-03-03 16:00:00-05:00,23.41,23.51,23.36,23.48,110800
2006-03-06 16:00:00-05:00,23.4,23.65,23.35,23.59,110900
2006-03-07 16:00:00-05:00,23.64,23.64,23.34,23.52,106800
2006-03-08 16:00:00-05:00,23.59,23.59,23.19,23.29,115200
2006-03-09 16:00:00-05:00,23.25,23.48,23.19,23.21,100900
2006-03-10 16:00:00-05:00,23.29,23.32,23.12,23.23,88300
2006-03-13 16:00:00-05:00,23.25,23.4,23.23,23.38,126400
2006-03-14 16:00:00-05:00,23.33,23.6,23.33,23.46,104500
2006-03-15 16:00:00-05:00,23.47,23.79,23.45,23.62,141200
2006-03-16 16:00:00-05:00,23.71,23.86,23.66,23.7,158200
2006-03-17 16:00:00-05:00,23.65,23.73,23.59,23.7,104300
2006-03-20 16:00:00-05:00,23.75,23.8,23.45,23.64,120100
2006-03-21 16:00:00-05:00,23.69,23.69,23.45,23.54,127100
2006-03-22 16:00:00-05:00,23.41,23.65,23.4,23.55,135800
2006-03-23 16:00:00-05:00,23.6,23.77,23.57,23.7,106800
2006-03-24 16:00:00-05:00,23.7,23.74,23.52,23.74,124000
2006-03-27 16:00:00-05:00,23.78,23.8,23.55,23.65,97800
2006-03-28 16:00:00-05:00,23.71,23.88,23.6,23.62,155100
2006-03-29 16:00:00-05:00,23.66,23.95,23.6,23.95,117700
2006-03-30 16:00:00-05:00,23.85,23.98,23.52,23.65,119300
2006-03-31 16:00:00-05:00,23.78,23.92,23.62,23.91,99700
2006-04-03 16:00:00-04:00,23.97,24.2,23.92,23.99,136600
2006-04-04 16:00:00-04:00,23.98,24.05,23.88,23.94,78700
2006-04-05 16:00:00-04:00,23.82,23.98,23.7,23.89,112600
2006-04-06 16:00:00-04:00,23.86,23.93,23.68,23.83,100800
2006-04-07 16:00:00-04:00,23.85,23.93,23.35,23.37,137500
2006-04-10 16:00:00-04:00,23.38,23.45,23.07,23.15,152600
2006-04-11 16:00:00-04:00,23.24,23.26,22.9,22.901,109300
2006-04-12 16:00:00-04:00,22.75,22.93,22.65,22.68,144400
2006-04-13 16:00:00-04:00,22.61,22.71,22.57,22.71,120700
2006-04-17 16:00:00-04:00,22.7,22.79,22.35,22.63,164700
2006-04-18 16:00:00-04:00,22.62,23.1,22.62,22.98,119100
2006-04-19 16:00:00-04:00,22.82,23.27,22.78,23.2,126300
2006-04-20 16:00:00-04:00,23.11,23.54,23.11,23.51,90100
2006-04-21 16:00:00-04:00,23.65,23.85,23.54,23.66,125500
2006-04-24 16:00:00-04:00,23.6,23.72,23.53,23.72,98100
2006-04-25 16:00:00-04:00,23.73,23.73,23.13,23.27,130700
2006-04-26 16:00:00-04:00,23.23,23.28,23.15,23.16,134600
2006-04-27 16:00:00-04:00,23.04,23.3,22.81,23.3,149100
2006-04-28 16:00:00-04:00,23.47,23.47,23.25,23.43,91500
2006-05-01 16:00:00-04:00,23.37,23.7,23.35,23.36,151200
2006-05-02 16:00:00-04:00,23.46,23.59,23.42,23.48,87100
2006-05-03 16:00:00-04:00,23.55,23.67,23.51,23.57,74200
2006-05-04 16:00:00-04:00,23.63,23.68,23.51,23.55,116000
2006-05-05 16:00:00-04:00,23.63,23.78,23.59,23.76,114400
2006-05-08 16:00:00-04:00,23.77,24.2,23.73,24.17,143100
2006-05-09 16:00:00-04:00,24.13,24.28,24.07,24.2,134000
2006-05-10 16:00:00-04:00,24.15,24.2,23.95,24.04,104600
2006-05-11 16:00:00-04:00,24.02,24.02,23.64,23.73,131900
2006-05-12 16:00:00-04:00,23.71,23.71,23.3,23.31,107300
2006-05-15 16:00:00-04:00,23.27,23.42,23.19,23.42,85700
2006-05-16 16:00:00-04:00,23.44,23.61,23.32,23.56,102400
2006-05-17 16:00:00-04:00,23.35,23.37,22.77,23.2,164900
2006-05-18 16:00:00-04:00,23.17,23.25,22.95,23.03,134300
2006-05-19 16:00:00-04:00,23.05,23.15,22.76,22.94,104300
2006-05-22 16:00:00-04:00,22.72,22.75,22.32,22.574,146800
2006-05-23 16:00:00-04:00,22.59,23.04,22.59,22.9199,129200
2006-05-24 16:00:00-04:00,22.97,22.97,22.67,22.74,139600
2006-05-25 16:00:00-04:00,22.95,23.2,22.75,23.15,133200
2006-05-26 16:00:00-04:00,23.22,23.77,23.22,23.77,112600
2006-05-30 16:00:00-04:00,23.77,23.79,23.42,23.51,102800
2006-05-31 16:00:00-04:00,23.85,23.8607,23.6,23.66,109200
2006-06-01 16:00:00-04:00,23.65,24.25,23.65,23.96,145000
2006-06-02 16:00:00-04:00,24.1,24.12,24.0,24.04,70300
2006-06-05 16:00:00-04:00,24.02,24.08,23.75,23.75,82900
2006-06-06 16:00:00-04:00,23.75,23.78,23.23,23.32,111000
2006-06-07 16:00:00-04:00,23.4,23.4,22.92,22.97,133000
2006-06-08 16:00:00-04:00,22.82,22.88,22.4,22.77,148000
2006-06-09 16:00:00-04:00,22.83,23.2,22.75,22.92,111500
2006-06-12 16:00:00-04:00,22.8,23.09,22.76,23.04,155100
2006-06-13 16:00:00-04:00,22.79,22.99,22.67,22.75,185200
2006-06-14 16:00:00-04:00,22.65,22.9,22.65,22.89,116700
2006-06-15 16:00:00-04:00,22.9,23.59,22.87,23.44,135000
2006-06-16 16:00:00-04:00,23.41,23.52,23.3,23.39,96700
2006-06-19 16:00:00-04:00,23.32,23.39,23.21,23.31,91400
2006-06-20 16:00:00-04:00,23.25,23.44,23.25,23.38,102800
2006-06-21 16:00:00-04:00,23.25,23.63,23.22,23.52,108900
2006-06-22 16:00:00-04:00,23.42,23.572,23.35,23.39,112100
2006-06-23 16:00:00-04:00,23.32,23.97,23.25,23.66,201500
2006-06-26 16:00:00-04:00,23.58,23.67,23.35,23.36,101900
2006-06-27 16:00:00-04:00,23.46,23.5,23.14,23.2,123000
2006-06-28 16:00:00-04:00,23.11,23.21,22.96,23.12,107700
2006-06-29 16:00:00-04:00,23.21,23.98,23.1,23.98,135000
2006-06-30 16:00:00-04:00,24.2,24.2,23.65,23.88,91000
2006-07-03 16:00:00-04:00,23.9,24.4,23.82,23.9,129300
2006-07-05 16:00:00-04:00,23.95,24.1,23.52,23.78,92400
2006-07-06 16:00:00-04:00,23.78,23.9,23.73,23.8,128600
2006-07-07 16:00:00-04:00,23.79,23.79,23.4,23.54,151100
2006-07-10 16:00:00-04:00,23.52,23.67,23.47,23.54,127300
2006-07-11 16:00:00-04:00,23.54,23.55,23.34,23.55,165000
2006-07-12 16:00:00-04:00,23.53,23.67,23.48,23.6,101300
2006-07-13 16:00:00-04:00,23.52,23.57,23.4,23.5,87400
2006-07-14 16:00:00-04:00,23.49,23.56,23.3,23.49,76300
2006-07-17 16:00:00-04:00,23.5,23.56,23.3,23.35,90100
2006-07-18 16:00:00-04:00,23.39,23.48,23.31,23.48,77700
2006-07-19 16:00:00-04:00,23.5,23.87,23.45,23.87,122000
2006-07-20 16:00:00-04:00,23.72,23.81,23.55,23.59,116700
2006-07-21 16:00:00-04:00,23.46,23.53,23.13,23.22,89600
2006-07-24 16:00:00-04:00,23.3,23.53,23.3,23.52,125700
2006-07-25 16:00:00-04:00,23.6,23.75,23.53,23.74,102800
2006-07-26 16:00:00-04:00,23.9,23.96,23.71,23.91,107100
2006-07-27 16:00:00-04:00,23.91,24.05,23.8,23.86,101200
2006-07-28 16:00:00-04:00,23.9,24.1,23.89,24.1,127800
2006-07-31 16:00:00-04:00,24.1,24.2,24.01,24.2,108500
2006-08-01 16:00:00-04:00,24.1,24.2,24.03,24.2,143400
2006-08-02 16:00:00-04:00,24.25,24.56,24.25,24.56,126200
2006-08-03 16:00:00-04:00,24.55,24.66,24.45,24.66,121000
2006-08-04 16:00:00-04:00,24.86,25.06,24.74,24.8,104400
2006-08-07 16:00:00-04:00,24.82,24.82,24.4,24.44,114600
2006-08-08 16:00:00-04:00,24.56,24.82,24.525,24.71,117000
2006-08-09 16:00:00-04:00,24.74,25.09,24.72,24.8,135300
2006-08-10 16:00:00-04:00,24.71,24.73,24.3,24.57,205900
2006-08-11 16:00:00-04:00,24.67,24.68,24.36,24.47,95800
2006-08-14 16:00:00-04:00,24.43,24.94,24.43,24.81,145100
2006-08-15 16:00:00-04:00,24.9,24.99,24.71,24.88,156200
2006-08-16 16:00:00-04:00,25.0,25.19,24.96,25.19,155800
2006-08-17 16:00:00-04:00,25.22,25.24,24.83,24.99,140300
2006-08-18 16:00:00-04:00,25.01,25.07,24.93,25.07,103800
2006-08-21 16:00:00-04:00,25.12,25.33,25.0,25.28,152000
2006-08-22 16:00:00-04:00,25.15,25.21,25.05,25.1,98100
2006-08-23 16:00:00-04:00,25.05,25.17,25.0,25.17,116900
2006-08-24 16:00:00-04:00,25.17,25.19,25.06,25.19,126900
2006-08-25 16:00:00-04:00,25.25,25.3,25.06,25.2,136300
2006-08-28 16:00:00-04:00,25.29,25.29,25.02,25.05,136600
2006-08-29 16:00:00-04:00,25.05,25.43,25.05,25.43,138000
2006-08-30 16:00:00-04:00,25.43,25.62,25.33,25.62,136800
2006-08-31 16:00:00-04:00,25.8,25.92,25.5,25.55,143500
2006-09-01 16:00:00-04:00,25.6,25.85,25.58,25.7,113200
2006-09-05 16:00:00-04:00,25.52,25.87,25.45,25.56,133300
2006-09-06 16:00:00-04:00,25.51,25.51,24.82,24.84,164100
2006-09-07 16:00:00-04:00,24.8,24.92,24.51,24.87,195900
2006-09-08 16:00:00-04:00,24.89,24.99,24.82,24.98,126500
2006-09-11 16:00:00-04:00,24.99,24.99,24.63,24.95,144100
2006-09-12 16:00:00-04:00,25.0,25.22,25.0,25.14,114300
2006-09-13 16:00:00-04:00,25.13,25.57,25.12,25.57,114800
2006-09-14 16:00:00-04:00,25.57,25.7,25.3001,25.49,112300
2006-09-15 16:00:00-04:00,25.53,25.75,25.52,25.7,112400
2006-09-18 16:00:00-04:00,25.75,25.75,25.32,25.44,122000
2006-09-19 16:00:00-04:00,25.61,25.65,25.38,25.62,117600
2006-09-20 16:00:00-04:00,25.43,25.75,25.4,25.74,111400
2006-09-21 16:00:00-04:00,25.62,25.74,25.42,25.48,127400
2006-09-22 16:00:00-04:00,25.32,25.54,25.05,25.27,138900
2006-09-25 16:00:00-04:00,25.35,25.48,25.3,25.4,136000
2006-09-26 16:00:00-04:00,25.62,25.62,25.12,25.26,151200
2006-09-27 16:00:00-04:00,25.31,25.69,25.27,25.61,172100
2006-09-28 16:00:00-04:00,25.68,25.96,25.48,25.96,166100
2006-09-29 16:00:00-04:00,26.0,26.1,25.45,25.51,193800
2006-10-02 16:00:00-04:00,25.57,26.05,25.55,25.75,178700
2006-10-03 16:00:00-04:00,25.72,25.8,25.52,25.59,139500
2006-10-04 16:00:00-04:00,25.59,25.7,25.43,25.58,191400
2006-10-05 16:00:00-04:00,25.65,25.85,25.63,25.82,113100
2006-10-06 16:00:00-04:00,25.78,26.05,25.66,25.79,126300
2006-10-09 16:00:00-04:00,25.79,25.91,25.72,25.9,100100
2006-10-10 16:00:00-04:00,25.83,26.14,25.75,25.86,138600
2006-10-11 16:00:00-04:00,25.8,25.93,25.69,25.91,125400
2006-10-12 16:00:00-04:00,26.03,26.16,25.71,25.95,135000
2006-10-13 16:00:00-04:00,25.98,26.05,25.84,25.95,121800
2006-10-16 16:00:00-04:00,26.15,26.1595,25.92,26.14,101400
2006-10-17 16:00:00-04:00,26.04,26.33,25.9,26.12,139200
2006-10-18 16:00:00-04:00,26.14,26.42,26.1301,26.38,126200
2006-10-19 16:00:00-04:00,26.35,26.39,26.01,26.19,120600
2006-10-20 16:00:00-04:00,26.05,26.45,26.05,26.39,120400
2006-10-23 16:00:00-04:00,26.42,26.5,26.22,26.35,145800
2006-10-24 16:00:00-04:00,26.29,26.45,26.05,26.15,204900
2006-10-25 16:00:00-04:00,26.24,26.24,26.05,26.2,294700
2006-10-26 16:00:00-04:00,26.26,26.38,26.21,26.38,174500
2006-10-27 16:00:00-04:00,26.45,26.5,26.23,26.43,139600
2006-10-30 16:00:00-05:00,26.54,26.57,26.01,26.22,207900
2006-10-31 16:00:00-05:00,26.33,26.39,26.0,26.22,143600
2006-11-01 16:00:00-05:00,26.23,26.45,26.03,26.07,123900
2006-11-02 16:00:00-05:00,26.06,26.1,25.23,25.68,172900
2006-11-03 16:00:00-05:00,25.7,25.85,25.4,25.54,146400
2006-11-06 16:00:00-05:00,25.52,25.77,25.52,25.73,195300
2006-11-07 16:00:00-05:00,25.56,25.75,25.56,25.67,202700
2006-11-08 16:00:00-05:00,25.54,25.63,25.38,25.56,201500
2006-11-09 16:00:00-05:00,25.71,25.77,25.46,25.55,182700
2006-11-10 16:00:00-05:00,25.5,25.66,25.4,25.53,157300
2006-11-13 16:00:00-05:00,25.51,25.71,25.5,25.56,159700
2006-11-14 16:00:00-05:00,25.53,25.85,25.42,25.81,179100
2006-11-15 16:00:00-05:00,25.74,26.06,25.73,25.94,214300
2006-11-16 16:00:00-05:00,25.92,26.13,25.84,25.94,252600
2006-11-17 16:00:00-05:00,25.95,26.02,25.85,26.0,142700
2006-11-20 16:00:00-05:00,26.03,26.03,25.56,25.7,247400
2006-11-21 16:00:00-05:00,25.63,25.93,25.6,25.89,232600
2006-11-22 16:00:00-05:00,25.76,26.06,25.76,25.88,302500
2006-11-24 16:00:00-05:00,25.8,26.07,25.71,26.01,74000
2006-11-27 16:00:00-05:00,25.97,26.0,25.34,25.55,239100
2006-11-28 16:00:00-05:00,25.59,25.99,25.55,25.96,217500
2006-11-29 16:00:00-05:00,25.99,26.35,25.92,26.28,168800
2006-11-30 16:00:00-05:00,26.24,26.6,26.24,26.573,147200
2006-12-01 16:00:00-05:00,26.8,26.92,26.52,26.71,206600
2006-12-04 16:00:00-05:00,26.9,27.04,26.74,26.89,155200
2006-12-05 16:00:00-05:00,26.98,27.14,26.91,27.01,136700
2006-12-06 16:00:00-05:00,27.11,27.34,26.9,26.95,140400
2006-12-07 16:00:00-05:00,27.2,27.4,27.03,27.23,154900
2006-12-08 16:00:00-05:00,27.32,27.364,27.05,27.16,112500
2006-12-11 16:00:00-05:00,27.11,27.6,27.11,27.56,100900
2006-12-12 16:00:00-05:00,27.5,27.8,27.46,27.78,101700
2006-12-13 16:00:00-05:00,27.91,27.99,27.52,27.74,115200
2006-12-14 16:00:00-05:00,27.84,27.94,27.59,27.69,116300
2006-12-15 16:00:00-05:00,27.61,28.0,27.61,27.99,106500
2006-12-18 16:00:00-05:00,28.07,28.2,28.01,28.09,104100
2006-12-19 16:00:00-05:00,28.09,28.3,28.0406,28.3,119300
2006-12-20 16:00:00-05:00,28.26,28.36,27.9,28.1,128300
2006-12-21 16:00:00-05:00,28.0,28.1,27.97,28.07,146300
2006-12-22 16:00:00-05:00,28.15,28.15,27.91,28.03,84200
2006-12-26 16:00:00-05:00,27.8,28.08,27.4,27.61,112300
2006-12-27 16:00:00-05:00,27.71,28.08,27.71,27.94,91700
2006-12-28 16:00:00-05:00,27.9,28.14,27.84,28.14,71200
2006-12-29 16:00:00-05:00,28.21,28.22,27.76,27.87,84700
2007-01-03 16:00:00-05:00,27.78,28.0,27.65,27.92,152600
2007-01-04 16:00:00-05:00,27.9,27.92,27.71,27.87,123900
2007-01-05 16:00:00-05:00,27.84,27.87,27.1,27.19,172300
2007-01-08 16:00:00-05:00,27.12,27.45,27.1,27.44,113000
2007-01-09 16:00:00-05:00,27.47,27.56,27.13,27.23,126500
2007-01-10 16:00:00-05:00,27.1,27.22,27.05,27.14,142100
2007-01-11 16:00:00-05:00,27.18,27.33,26.68,26.87,220900
2007-01-12 16:00:00-05:00,26.87,27.16,26.87,26.96,102700
2007-01-16 16:00:00-05:00,26.9,27.17,26.9,27.11,114100
2007-01-17 16:00:00-05:00,27.18,27.33,27.08,27.29,125800
2007-01-18 16:00:00-05:00,27.14,27.4,27.14,27.25,130500
2007-01-19 16:00:00-05:00,27.2,27.36,27.07,27.22,153500
2007-01-22 16:00:00-05:00,27.18,27.3,26.93,27.01,101600
2007-01-23 16:00:00-05:00,26.85,27.03,26.8,26.89,127000
2007-01-24 16:00:00-05:00,26.83,27.06,26.83,27.06,144900
2007-01-25 16:00:00-05:00,27.0,27.29,26.99,27.22,152100
2007-01-26 16:00:00-05:00,27.21,27.31,26.96,26.99,166600
2007-01-29 16:00:00-05:00,26.98,27.1,26.86,26.9,122700
2007-01-30 16:00:00-05:00,27.03,27.09,26.96,27.09,115600
2007-01-31 16:00:00-05:00,27.1,27.36,27.04,27.35,138400
2007-02-01 16:00:00-05:00,27.41,27.43,27.3,27.39,101000
2007-02-02 16:00:00-05:00,27.39,27.6596,27.39,27.58,117800
2007-02-05 16:00:00-05:00,27.63,27.74,27.5,27.59,165100
2007-02-06 16:00:00-05:00,27.63,27.68,27.49,27.62,181400
2007-02-07 16:00:00-05:00,27.55,27.69,27.39,27.39,192100
2007-02-08 16:00:00-05:00,27.39,27.48,27.3,27.41,133200
2007-02-09 16:00:00-05:00,27.44,27.55,27.2,27.39,166200
2007-02-12 16:00:00-05:00,27.44,27.54,27.2,27.25,144647
2007-02-13 16:00:00-05:00,27.31,27.47,27.24,27.35,146400
2007-02-14 16:00:00-05:00,27.29,27.56,27.29,27.39,153519
2007-02-15 16:00:00-05:00,27.44,27.56,27.42,27.5,147700
2007-02-16 16:00:00-05:00,27.26,27.33,27.08,27.17,210500
2007-02-20 16:00:00-05:00,27.14,27.18,26.95,27.04,245000
2007-02-21 16:00:00-05:00,26.98,27.06,26.87,26.96,243100
2007-02-22 16:00:00-05:00,26.84,27.06,26.79,26.87,232300
2007-02-23 16:00:00-05:00,26.85,26.99,26.8,26.98,167500
2007-02-26 16:00:00-05:00,27.06,27.29,27.06,27.24,134800
2007-02-27 16:00:00-05:00,26.85,27.0,26.21,26.33,192900
2007-02-28 16:00:00-05:00,26.3,26.66,26.22,26.59,165400
2007-03-01 16:00:00-05:00,26.31,26.33,25.36,26.3,288578
2007-03-02 16:00:00-05:00,26.27,26.29,26.0,26.05,138900
2007-03-05 16:00:00-05:00,25.42,25.91,25.42,25.64,211000
2007-03-06 16:00:00-05:00,25.67,26.116,25.67,25.96,224200
2007-03-07 16:00:00-05:00,25.91,26.18,25.85,26.14,137300
2007-03-08 16:00:00-05:00,26.23,26.49,26.23,26.4,126900
2007-03-09 16:00:00-05:00,26.49,26.9,26.49,26.89,113900
2007-03-12 16:00:00-04:00,26.81,27.19,26.76,27.09,122000
2007-03-13 16:00:00-04:00,26.98,26.98,26.6,26.66,94400
2007-03-14 16:00:00-04:00,26.53,26.97,26.42,26.92,231800
2007-03-15 16:00:00-04:00,26.8,27.06,26.8,26.96,93000
2007-03-16 16:00:00-04:00,26.96,27.08,26.88,27.04,79700
2007-03-19 16:00:00-04:00,27.17,27.29,27.08,27.17,86900
2007-03-20 16:00:00-04:00,27.14,27.27,27.13,27.22,96500
2007-03-21 16:00:00-04:00,27.04,27.33,27.01,27.33,147100
2007-03-22 16:00:00-04:00,27.27,27.5,27.21,27.4,170000
2007-03-23 16:00:00-04:00,27.45,27.7,27.41,27.47,99700
2007-03-26 16:00:00-04:00,27.56,27.65,27.27,27.65,111800
2007-03-27 16:00:00-04:00,27.43,27.6,27.4,27.5,90400
2007-03-28 16:00:00-04:00,27.56,27.63,27.28,27.33,111900
2007-03-29 16:00:00-04:00,27.43,27.64,27.43,27.54,82100
2007-03-30 16:00:00-04:00,27.72,27.82,27.6,27.73,107700
2007-04-02 16:00:00-04:00,27.8,27.94,27.732,27.78,94100
2007-04-03 16:00:00-04:00,27.84,28.05,27.84,27.98,120900
2007-04-04 16:00:00-04:00,27.99,28.09,27.94,28.06,87900
2007-04-05 16:00:00-04:00,28.09,28.28,28.09,28.27,76900
2007-04-09 16:00:00-04:00,28.5,28.5,28.31,28.39,91300
2007-04-10 16:00:00-04:00,28.4,28.52,28.31,28.52,118700
2007-04-11 16:00:00-04:00,28.42,28.5,28.33,28.36,112000
2007-04-12 16:00:00-04:00,28.36,28.55,28.31,28.55,94000
2007-04-13 16:00:00-04:00,28.45,28.74,28.45,28.65,161600
2007-04-16 16:00:00-04:00,28.7,29.0,28.68,28.91,172500
2007-04-17 16:00:00-04:00,28.95,29.16,28.95,29.01,152100
2007-04-18 16:00:00-04:00,29.0,29.21,28.96,29.14,98700
2007-04-19 16:00:00-04:00,28.9,29.2,28.74,29.06,109300
2007-04-20 16:00:00-04:00,29.12,29.36,29.11,29.21,123500
2007-04-23 16:00:00-04:00,29.15,29.34,29.15,29.22,113600
2007-04-24 16:00:00-04:00,29.14,29.26,29.11,29.17,91000
2007-04-25 16:00:00-04:00,29.22,29.37,29.21,29.34,160700
2007-04-26 16:00:00-04:00,29.31,29.54,29.31,29.51,93800
2007-04-27 16:00:00-04:00,29.51,29.56,29.47,29.53,119600
2007-04-30 16:00:00-04:00,29.62,29.65,29.37,29.46,103500
2007-05-01 16:00:00-04:00,29.54,29.56,29.11,29.28,152800
2007-05-02 16:00:00-04:00,29.21,29.55,29.21,29.39,175700
2007-05-03 16:00:00-04:00,29.35,29.62,29.35,29.49,126300
2007-05-04 16:00:00-04:00,29.54,29.8,29.49,29.54,122000
2007-05-07 16:00:00-04:00,29.75,29.75,29.55,29.59,98700
2007-05-08 16:00:00-04:00,29.5,29.73,29.49,29.73,77900
2007-05-09 16:00:00-04:00,29.73,29.82,29.69,29.75,96800
2007-05-10 16:00:00-04:00,29.7,29.81,29.43,29.49,148300
2007-05-11 16:00:00-04:00,29.3,29.89,29.3,29.89,127600
2007-05-14 16:00:00-04:00,29.91,30.03,29.85,29.95,86900
2007-05-15 16:00:00-04:00,29.87,30.12,29.87,29.95,131000
2007-05-16 16:00:00-04:00,30.0,30.025,29.82,29.89,163500
2007-05-17 16:00:00-04:00,29.85,29.94,29.74,29.89,119000
2007-05-18 16:00:00-04:00,29.95,30.12,29.92,30.11,93100
2007-05-21 16:00:00-04:00,30.15,30.25,30.11,30.22,107300
2007-05-22 16:00:00-04:00,29.86,30.05,29.86,29.99,123900
2007-05-23 16:00:00-04:00,30.0,30.18,29.6,29.95,194600
2007-05-24 16:00:00-04:00,29.85,30.07,29.51,29.58,123800
2007-05-25 16:00:00-04:00,29.62,29.89,29.62,29.78,71400
2007-05-29 16:00:00-04:00,29.88,30.1,29.88,29.91,120300
2007-05-30 16:00:00-04:00,29.88,30.38,29.67,30.19,113900
2007-05-31 16:00:00-04:00,30.37,30.5,30.27,30.45,119300
2007-06-01 16:00:00-04:00,30.5,30.72,30.5,30.61,125200
2007-06-04 16:00:00-04:00,30.57,30.78,30.562,30.76,113400
2007-06-05 16:00:00-04:00,30.76,30.78,30.31,30.51,130100
2007-06-06 16:00:00-04:00,30.3,30.38,29.72,29.84,144500
2007-06-07 16:00:00-04:00,29.97,29.97,28.94,28.99,205800
2007-06-08 16:00:00-04:00,28.45,29.29,28.36,29.27,171800
2007-06-11 16:00:00-04:00,29.29,29.43,29.13,29.37,76200
2007-06-12 16:00:00-04:00,29.21,29.3196,28.93,29.08,136600
2007-06-13 16:00:00-04:00,28.86,29.45,28.86,29.4,86200
2007-06-14 16:00:00-04:00,29.22,29.62,29.22,29.43,116500
2007-06-15 16:00:00-04:00,29.61,29.99,29.58,29.68,107900
2007-06-18 16:00:00-04:00,29.77,29.92,29.68,29.92,103400
2007-06-19 16:00:00-04:00,29.82,30.12,29.77,30.12,96300
2007-06-20 16:00:00-04:00,29.99,30.08,29.42,29.46,124300
2007-06-21 16:00:00-04:00,29.27,29.53,29.22,29.49,110400
2007-06-22 16:00:00-04:00,29.41,29.42,29.01,29.24,85700
2007-06-25 16:00:00-04:00,29.2,29.4,29.01,29.19,88800
2007-06-26 16:00:00-04:00,29.29,29.35,29.05,29.18,109100
2007-06-27 16:00:00-04:00,29.01,29.34,28.95,29.34,84400
2007-06-28 16:00:00-04:00,29.41,29.64,29.27,29.46,91800
2007-06-29 16:00:00-04:00,29.69,29.85,29.33,29.46,79500
2007-07-02 16:00:00-04:00,29.95,29.95,29.54,29.69,104900
2007-07-03 16:00:00-04:00,29.83,30.21,29.7,29.8,62800
2007-07-05 16:00:00-04:00,29.75,29.92,29.65,29.75,76000
2007-07-06 16:00:00-04:00,29.7,29.94,29.6816,29.909,92600
2007-07-09 16:00:00-04:00,29.91,30.09,29.81,29.9,103200
2007-07-10 16:00:00-04:00,29.8,29.96,29.42,29.42,117000
2007-07-11 16:00:00-04:00,29.4,29.8,29.4,29.79,89800
2007-07-12 16:00:00-04:00,29.8,30.16,29.8,30.13,124500
2007-07-13 16:00:00-04:00,30.14,30.27,30.0488,30.2,94400
2007-07-16 16:00:00-04:00,30.12,30.2216,29.97,30.03,123800
2007-07-17 16:00:00-04:00,30.06,30.09,29.82,29.95,103100
2007-07-18 16:00:00-04:00,29.75,29.85,29.24,29.68,284500
2007-07-19 16:00:00-04:00,29.82,29.93,29.63,29.9,131500
2007-07-20 16:00:00-04:00,29.59,29.63,29.27,29.31,108100
2007-07-23 16:00:00-04:00,29.16,29.35,29.07,29.22,117300
2007-07-24 16:00:00-04:00,28.95,29.03,28.38,28.48,162900
2007-07-25 16:00:00-04:00,28.32,28.5699,27.51,27.98,377500
2007-07-26 16:00:00-04:00,27.08,27.09,26.0,27.06,692500
2007-07-27 16:00:00-04:00,26.85,27.2,26.74,26.93,157800
2007-07-30 16:00:00-04:00,27.32,27.33,26.6,27.2,194700
2007-07-31 16:00:00-04:00,27.9,27.9,27.11,27.11,163600
2007-08-01 16:00:00-04:00,26.79,27.1846,26.75,27.18,121200
2007-08-02 16:00:00-04:00,27.25,27.47,27.16,27.33,133000
2007-08-03 16:00:00-04:00,27.3,27.38,26.84,26.98,117600
2007-08-06 16:00:00-04:00,26.76,26.85,26.1,26.65,252800
2007-08-07 16:00:00-04:00,26.65,27.25,26.55,27.03,221100
2007-08-08 16:00:00-04:00,27.12,27.62,27.12,27.44,129400
2007-08-09 16:00:00-04:00,27.32,27.37,26.8701,26.98,170500
2007-08-10 16:00:00-04:00,26.26,26.75,26.17,26.59,198400
2007-08-13 16:00:00-04:00,26.57,26.86,26.57,26.64,97200
2007-08-14 16:00:00-04:00,26.8,26.8,25.26,25.36,291900
2007-08-15 16:00:00-04:00,24.0,25.37,23.71,24.44,606200
2007-08-16 16:00:00-04:00,23.91,24.4,22.06,24.32,751600
2007-08-17 16:00:00-04:00,25.44,25.93,24.59,25.93,310600
2007-08-20 16:00:00-04:00,26.7,26.92,25.84,26.49,235700
2007-08-21 16:00:00-04:00,26.44,26.7,26.15,26.69,188300
2007-08-22 16:00:00-04:00,26.89,26.89,26.55,26.89,145800
2007-08-23 16:00:00-04:00,27.01,27.18,26.76,26.87,163800
2007-08-24 16:00:00-04:00,27.01,27.29,26.82,27.24,111100
2007-08-27 16:00:00-04:00,27.28,27.5,27.05,27.17,101300
2007-08-28 16:00:00-04:00,27.08,27.08,26.5,26.58,146300
2007-08-29 16:00:00-04:00,26.98,27.06,26.68,27.06,136500
2007-08-30 16:00:00-04:00,26.94,27.19,26.85,26.96,110200
2007-08-31 16:00:00-04:00,27.15,27.24,27.064,27.13,124900
2007-09-04 16:00:00-04:00,26.94,27.33,26.94,27.18,178000
2007-09-05 16:00:00-04:00,26.64,27.0,26.64,26.92,136600
2007-09-06 16:00:00-04:00,27.18,27.27,27.0038,27.15,111400
2007-09-07 16:00:00-04:00,26.93,26.93,26.6192,26.7,151700
2007-09-10 16:00:00-04:00,26.79,26.88,26.47,26.54,113100
2007-09-11 16:00:00-04:00,26.8,26.95,26.75,26.95,96800
2007-09-12 16:00:00-04:00,26.96,27.15,26.84,26.99,93400
2007-09-13 16:00:00-04:00,27.19,27.2734,27.05,27.06,89000
2007-09-14 16:00:00-04:00,26.96,27.3,26.91,27.25,68700
2007-09-17 16:00:00-04:00,27.2,27.2,27.0,27.02,61100
2007-09-18 16:00:00-04:00,27.22,28.0,27.12,27.95,174800
2007-09-19 16:00:00-04:00,28.14,28.28,27.95,28.02,139900
2007-09-20 16:00:00-04:00,28.01,28.16,27.83,27.89,76900
2007-09-21 16:00:00-04:00,28.0,28.25,28.0,28.18,130300
2007-09-24 16:00:00-04:00,28.26,28.45,28.17,28.19,128500
2007-09-25 16:00:00-04:00,28.1,28.29,28.01,28.2,121900
2007-09-26 16:00:00-04:00,28.25,28.54,28.25,28.37,99200
2007-09-27 16:00:00-04:00,28.53,28.84,28.48,28.6,92310
2007-09-28 16:00:00-04:00,28.83,28.83,28.62,28.74,96400
2007-10-01 16:00:00-04:00,28.7,28.9,28.67,28.7,173300
2007-10-02 16:00:00-04:00,28.71,28.77,28.53,28.75,115300
2007-10-03 16:00:00-04:00,28.62,28.86,28.49,28.49,127500
2007-10-04 16:00:00-04:00,28.58,28.68,28.5,28.53,81900
2007-10-05 16:00:00-04:00,28.8,29.04,28.72,28.91,89200
2007-10-08 16:00:00-04:00,28.92,28.96,28.78,28.91,68500
2007-10-09 16:00:00-04:00,29.02,29.21,28.98,29.21,67000
2007-10-10 16:00:00-04:00,29.2,29.22,29.07,29.17,84100
2007-10-11 16:00:00-04:00,29.34,29.45,28.75,28.89,104500
2007-10-12 16:00:00-04:00,29.02,29.18,28.92,29.04,64700
2007-10-15 16:00:00-04:00,29.03,29.12,28.66,28.75,78600
2007-10-16 16:00:00-04:00,28.65,28.75,28.51,28.6,104800
2007-10-17 16:00:00-04:00,28.84,28.9,28.45,28.78,79600
2007-10-18 16:00:00-04:00,28.71,28.85,28.57,28.82,66200
2007-10-19 16:00:00-04:00,28.78,28.79,28.12,28.18,77300
2007-10-22 16:00:00-04:00,27.64,28.15,27.64,28.04,94400
2007-10-23 16:00:00-04:00,28.35,28.68,28.12,28.68,99500
2007-10-24 16:00:00-04:00,28.5,28.57,27.96,28.54,127800
2007-10-25 16:00:00-04:00,28.57,28.66,28.35,28.62,107400
2007-10-26 16:00:00-04:00,28.66,29.11,28.66,29.03,102100
2007-10-29 16:00:00-04:00,29.14,29.305,29.08,29.09,75100
2007-10-30 16:00:00-04:00,29.01,29.17,28.95,29.05,78000
2007-10-31 16:00:00-04:00,29.44,29.52,28.91,29.4,96000
2007-11-01 16:00:00-04:00,28.93,29.1,28.81,28.83,93300
2007-11-02 16:00:00-04:00,28.92,28.93,28.57,28.86,82200
2007-11-05 16:00:00-05:00,28.51,28.76,28.51,28.68,89200
2007-11-06 16:00:00-05:00,28.74,28.81,28.46,28.78,80000
2007-11-07 16:00:00-05:00,28.28,28.6,27.88,27.88,141800
2007-11-08 16:00:00-05:00,28.0,28.0,26.8701,27.7,236200
2007-11-09 16:00:00-05:00,27.41,27.6,27.08,27.21,188400
2007-11-12 16:00:00-05:00,27.24,27.33,26.8,26.83,110100
2007-11-13 16:00:00-05:00,27.2,27.57,27.04,27.42,81600
2007-11-14 16:00:00-05:00,27.69,27.79,27.27,27.55,101300
2007-11-15 16:00:00-05:00,27.19,27.35,26.72,26.93,114400
2007-11-16 16:00:00-05:00,26.85,27.0,26.5,26.83,111300
2007-11-19 16:00:00-05:00,26.7,26.7699,26.35,26.43,120100
2007-11-20 16:00:00-05:00,26.02,26.67,26.01,26.44,174500
2007-11-21 16:00:00-05:00,26.07,26.1,25.46,25.81,223500
2007-11-23 16:00:00-05:00,26.04,26.31,26.01,26.31,53000
2007-11-26 16:00:00-05:00,26.32,26.41,25.71,25.73,178204
2007-11-27 16:00:00-05:00,25.68,26.04,25.44,26.0,285357
2007-11-28 16:00:00-05:00,25.97,26.95,25.97,26.88,200195
2007-11-29 16:00:00-05:00,26.64,26.92,26.5,26.92,122511
2007-11-30 16:00:00-05:00,27.03,27.59,27.01,27.15,158629
2007-12-03 16:00:00-05:00,27.13,27.33,27.02,27.17,88550
2007-12-04 16:00:00-05:00,26.79,27.11,26.79,27.04,89403
2007-12-05 16:00:00-05:00,27.31,27.44,27.17,27.43,107200
2007-12-06 16:00:00-05:00,27.39,28.01,27.3,28.0,95600
2007-12-07 16:00:00-05:00,27.83,28.05,27.77,27.98,109700
2007-12-10 16:00:00-05:00,27.93,28.24,27.92,28.08,107100
2007-12-11 16:00:00-05:00,28.12,28.29,27.5299,27.6,156200
2007-12-12 16:00:00-05:00,28.0,28.07,27.5,27.71,202200
2007-12-13 16:00:00-05:00,27.53,27.62,27.2,27.52,107600
2007-12-14 16:00:00-05:00,27.32,27.37,26.99,27.06,89900
2007-12-17 16:00:00-05:00,26.89,26.89,26.5,26.63,116200
2007-12-18 16:00:00-05:00,26.87,26.88,26.3701,26.8,119800
2007-12-19 16:00:00-05:00,26.81,26.98,26.52,26.88,146300
2007-12-20 16:00:00-05:00,26.86,26.88,26.57,26.78,105800
2007-12-21 16:00:00-05:00,26.86,27.26,26.85,27.21,117000
2007-12-24 16:00:00-05:00,27.21,27.56,27.21,27.56,69200
2007-12-26 16:00:00-05:00,28.33,29.31,27.39,27.75,134800
2007-12-27 16:00:00-05:00,27.73,27.73,27.27,27.35,113200
2007-12-28 16:00:00-05:00,27.7,27.7,27.35,27.46,107000
2007-12-31 16:00:00-05:00,27.81,28.02,27.66,27.81,146459
2008-01-02 16:00:00-05:00,27.96,27.99,26.93,27.12,144200
2008-01-03 16:00:00-05:00,27.23,27.34,26.96,27.2,134000
2008-01-04 16:00:00-05:00,26.95,27.0,26.713,26.88,131730
2008-01-07 16:00:00-05:00,27.24,27.24,26.26,26.43,242260
2008-01-08 16:00:00-05:00,26.59,26.82,26.13,26.2,281226
2008-01-09 16:00:00-05:00,26.27,26.57,26.0,26.57,218150
2008-01-10 16:00:00-05:00,26.42,26.98,26.31,26.84,150600
2008-01-11 16:00:00-05:00,26.71,26.92,26.53,26.71,192300
2008-01-14 16:00:00-05:00,26.78,27.24,26.75,27.14,137300
2008-01-15 16:00:00-05:00,26.65,26.88,26.52,26.62,167200
2008-01-16 16:00:00-05:00,26.4,26.57,26.19,26.24,165500
2008-01-17 16:00:00-05:00,26.25,26.39,25.25,25.26,256700
2008-01-18 16:00:00-05:00,25.34,25.49,24.16,24.6,254600
2008-01-22 16:00:00-05:00,22.94,24.16,22.9,23.92,414079
2008-01-23 16:00:00-05:00,23.4,24.33,22.99,24.31,244800
2008-01-24 16:00:00-05:00,24.58,24.9,24.3601,24.86,190100
2008-01-25 16:00:00-05:00,25.06,25.2,24.44,24.53,258100
2008-01-28 16:00:00-05:00,24.54,25.13,24.38,25.13,132300
2008-01-29 16:00:00-05:00,25.22,25.65,25.13,25.65,122624
2008-01-30 16:00:00-05:00,25.43,25.9,25.4,25.5,152795
2008-01-31 16:00:00-05:00,25.21,26.15,25.18,25.91,146700
2008-02-01 16:00:00-05:00,25.91,26.33,25.91,26.11,119031
2008-02-04 16:00:00-05:00,25.95,26.31,25.86,25.87,79900
2008-02-05 16:00:00-05:00,25.69,25.69,24.91,25.04,149900
2008-02-06 16:00:00-05:00,25.11,25.14,24.78,24.83,179400
2008-02-07 16:00:00-05:00,24.76,25.23,24.59,25.0,113300
2008-02-08 16:00:00-05:00,24.94,25.2,24.7,24.78,150740
2008-02-11 16:00:00-05:00,25.03,25.03,24.6,24.81,121360
2008-02-12 16:00:00-05:00,25.08,25.3,25.01,25.08,112240
2008-02-13 16:00:00-05:00,25.1,25.26,24.92,25.03,152700
2008-02-14 16:00:00-05:00,25.0,25.0,24.01,24.06,351520
2008-02-15 16:00:00-05:00,23.75,24.03,23.41,23.55,518521
2008-02-19 16:00:00-05:00,23.76,24.09,23.76,23.93,277176
2008-02-20 16:00:00-05:00,23.51,24.24,23.51,24.16,184400
2008-02-21 16:00:00-05:00,24.25,24.35,23.9,23.96,176988
2008-02-22 16:00:00-05:00,23.83,24.1,23.36,23.92,345187
2008-02-25 16:00:00-05:00,23.92,24.36,23.83,24.36,151798
2008-02-26 16:00:00-05:00,24.4,24.87,24.27,24.79,185620
2008-02-27 16:00:00-05:00,24.69,24.99,24.62,24.92,152502
2008-02-28 16:00:00-05:00,24.87,24.94,24.65,24.75,143237
2008-02-29 16:00:00-05:00,24.93,24.93,24.2,24.24,165638
2008-03-03 16:00:00-05:00,24.13,24.34,24.01,24.2,174555
2008-03-04 16:00:00-05:00,23.79,24.1,23.79,23.93,156800
2008-03-05 16:00:00-05:00,24.02,24.28,23.87,24.06,166800
2008-03-06 16:00:00-05:00,23.95,24.03,23.68,23.7,190800
2008-03-07 16:00:00-05:00,23.51,23.76,23.2536,23.37,199800
2008-03-10 16:00:00-04:00,23.31,23.43,22.9,22.902,151000
2008-03-11 16:00:00-04:00,23.35,23.69,23.11,23.67,177300
2008-03-12 16:00:00-04:00,23.74,24.14,23.7,23.73,158107
2008-03-13 16:00:00-04:00,23.44,23.8,23.18,23.66,135369
2008-03-14 16:00:00-04:00,23.73,23.88,22.95,23.29,140596
2008-03-17 16:00:00-04:00,22.51,23.09,22.19,22.81,160950
2008-03-18 16:00:00-04:00,22.89,23.21,22.25,23.2,222361
2008-03-19 16:00:00-04:00,23.19,23.25,22.67,22.67,165195
2008-03-20 16:00:00-04:00,22.58,23.02,22.47,23.02,123900
2008-03-24 16:00:00-04:00,23.11,23.48,23.11,23.3,181031
2008-03-25 16:00:00-04:00,23.4,23.4,23.0,23.11,233200
2008-03-26 16:00:00-04:00,23.2,23.2,22.948,23.05,120300
2008-03-27 16:00:00-04:00,23.17,23.42,23.05,23.05,124325
2008-03-28 16:00:00-04:00,23.21,23.34,23.08,23.21,94854
2008-03-31 16:00:00-04:00,23.3,23.37,23.14,23.29,110678
2008-04-01 16:00:00-04:00,23.66,24.03,23.61,24.02,125500
2008-04-02 16:00:00-04:00,24.21,24.39,24.03,24.09,164700
2008-04-03 16:00:00-04:00,24.0,24.36,24.0,24.18,132500
2008-04-04 16:00:00-04:00,24.28,24.4694,24.2,24.3201,146500
2008-04-07 16:00:00-04:00,24.45,24.89,24.45,24.59,122710
2008-04-08 16:00:00-04:00,24.5,24.59,24.38,24.55,102000
2008-04-09 16:00:00-04:00,24.47,24.56,24.21,24.24,103141
2008-04-10 16:00:00-04:00,24.17,24.35,24.16,24.26,89854
2008-04-11 16:00:00-04:00,24.04,24.142,23.77,23.78,102745
2008-04-14 16:00:00-04:00,23.69,24.04,23.69,23.76,107096
2008-04-15 16:00:00-04:00,23.8,23.9,23.68,23.87,95559
2008-04-16 16:00:00-04:00,23.86,24.62,23.86,24.62,91810
2008-04-17 16:00:00-04:00,24.42,24.8,24.42,24.75,122008
2008-04-18 16:00:00-04:00,25.0,25.31,24.98,25.23,126059
2008-04-21 16:00:00-04:00,24.92,24.99,24.76,24.99,126017
2008-04-22 16:00:00-04:00,24.9,25.03,24.6,24.73,119876
2008-04-23 16:00:00-04:00,24.8,24.95,24.75,24.93,143045
2008-04-24 16:00:00-04:00,25.06,25.26,24.76,25.21,232674
2008-04-25 16:00:00-04:00,25.35,25.37,25.12,25.37,148374
2008-04-28 16:00:00-04:00,25.4,25.55,25.34,25.46,199716
2008-04-29 16:00:00-04:00,25.31,25.33,25.15,25.32,154600
2008-04-30 16:00:00-04:00,25.41,25.6,25.25,25.28,116531
2008-05-01 16:00:00-04:00,25.21,25.63,25.16,25.47,133288
2008-05-02 16:00:00-04:00,25.53,25.8099,25.38,25.71,99925
2008-05-05 16:00:00-04:00,25.75,25.75,25.46,25.49,99455
2008-05-06 16:00:00-04:00,25.35,25.57,25.28,25.55,122165
2008-05-07 16:00:00-04:00,25.52,25.64,25.23,25.26,129922
2008-05-08 16:00:00-04:00,25.32,25.38,25.24,25.38,86634
2008-05-09 16:00:00-04:00,25.3,25.42,25.13,25.42,107975
2008-05-12 16:00:00-04:00,25.49,25.69,25.45,25.69,95184
2008-05-13 16:00:00-04:00,25.59,25.66,25.438,25.63,111791
2008-05-14 16:00:00-04:00,25.73,25.86,25.65,25.7,125878
2008-05-15 16:00:00-04:00,25.67,25.98,25.59,25.97,77236
2008-05-16 16:00:00-04:00,26.0,26.082,25.85,26.04,131976
2008-05-19 16:00:00-04:00,26.14,26.32,26.1,26.16,145899
2008-05-20 16:00:00-04:00,26.05,26.1,25.793,26.1,110299
2008-05-21 16:00:00-04:00,26.18,26.3,25.69,25.77,95339
2008-05-22 16:00:00-04:00,25.92,25.97,25.81,25.97,108085
2008-05-23 16:00:00-04:00,25.87,25.889,25.6,25.77,112951
2008-05-27 16:00:00-04:00,25.75,26.01,25.7344,26.0,136166
2008-05-28 16:00:00-04:00,26.02,26.05,25.77,25.95,100778
2008-05-29 16:00:00-04:00,25.98,26.12,25.88,25.89,121565
2008-05-30 16:00:00-04:00,25.92,26.14,25.882,25.95,118829
2008-06-02 16:00:00-04:00,25.95,25.95,25.5,25.66,76489
2008-06-03 16:00:00-04:00,25.71,25.84,25.5,25.7,96022
2008-06-04 16:00:00-04:00,25.7,25.77,25.57,25.7,129871
2008-06-05 16:00:00-04:00,25.77,25.85,25.64,25.76,133438
2008-06-06 16:00:00-04:00,25.66,25.66,24.89,24.91,219977
2008-06-09 16:00:00-04:00,25.01,25.13,24.68,24.78,166608
2008-06-10 16:00:00-04:00,24.56,24.88,24.5401,24.73,118966
2008-06-11 16:00:00-04:00,24.66,24.7,24.28,24.3,116553
2008-06-12 16:00:00-04:00,24.43,24.6286,24.17,24.25,176328
2008-06-13 16:00:00-04:00,24.31,24.492,24.26,24.45,123028
2008-06-16 16:00:00-04:00,24.4,24.59,24.35,24.49,87867
2008-06-17 16:00:00-04:00,24.6,24.66,24.45,24.58,112216
2008-06-18 16:00:00-04:00,24.54,24.54,24.1132,24.42,121948
2008-06-19 16:00:00-04:00,24.35,24.35,24.02,24.18,116944
2008-06-20 16:00:00-04:00,24.08,24.08,23.62,23.79,124679
2008-06-23 16:00:00-04:00,23.87,23.87,23.57,23.65,94559
2008-06-24 16:00:00-04:00,23.58,23.87,23.47,23.69,114768
2008-06-25 16:00:00-04:00,23.81,24.11,23.81,24.04,123803
2008-06-26 16:00:00-04:00,23.83,23.86,23.36,23.44,82981
2008-06-27 16:00:00-04:00,23.45,23.58,23.15,23.24,112285
2008-06-30 16:00:00-04:00,23.4,23.47,23.16,23.16,128225
2008-07-01 16:00:00-04:00,22.96,23.42,22.6266,23.42,188617
2008-07-02 16:00:00-04:00,23.38,23.54,23.05,23.06,107527
2008-07-03 16:00:00-04:00,23.08,23.12,22.76,23.01,98742
2008-07-07 16:00:00-04:00,23.09,23.134,22.15,22.3,202526
2008-07-08 16:00:00-04:00,22.19,22.6,22.15,22.6,161131
2008-07-09 16:00:00-04:00,22.71,22.76,22.35,22.35,180394
2008-07-10 16:00:00-04:00,22.3,22.4166,21.93,22.23,160905
2008-07-11 16:00:00-04:00,22.05,22.08,21.34,21.73,314323
2008-07-14 16:00:00-04:00,22.01,22.02,21.25,21.4,321420
2008-07-15 16:00:00-04:00,21.1,21.34,20.64,20.94,319794
2008-07-16 16:00:00-04:00,20.8,21.56,20.71,21.52,224411
2008-07-17 16:00:00-04:00,21.8,21.82,21.47,21.79,156071
2008-07-18 16:00:00-04:00,21.74,21.74,21.51,21.61,136554
2008-07-21 16:00:00-04:00,21.7,21.89,21.62,21.88,113706
2008-07-22 16:00:00-04:00,21.58,21.94,21.46,21.89,130262
2008-07-23 16:00:00-04:00,21.91,22.29,21.85,22.22,160474
2008-07-24 16:00:00-04:00,22.09,22.09,21.49,21.49,128962
2008-07-25 16:00:00-04:00,21.58,21.58,21.2,21.38,128392
2008-07-28 16:00:00-04:00,21.48,21.54,20.96,21.01,114867
2008-07-29 16:00:00-04:00,21.11,21.54,21.1,21.53,132588
2008-07-30 16:00:00-04:00,21.67,21.91,21.48,21.91,198434
2008-07-31 16:00:00-04:00,21.9,22.081,21.81,21.88,178563
2008-08-01 16:00:00-04:00,21.96,21.96,21.56,21.8399,142674
2008-08-04 16:00:00-04:00,21.73,21.73,21.26,21.32,110926
2008-08-05 16:00:00-04:00,21.44,21.67,21.39,21.65,110206
2008-08-06 16:00:00-04:00,21.56,21.697,21.37,21.54,108671
2008-08-07 16:00:00-04:00,21.31,21.47,21.08,21.13,72460
2008-08-08 16:00:00-04:00,21.15,21.52,21.15,21.34,125704
2008-08-11 16:00:00-04:00,21.31,21.5828,21.26,21.39,104788
2008-08-12 16:00:00-04:00,21.38,21.38,21.05,21.13,171609
2008-08-13 16:00:00-04:00,21.01,21.11,20.8,21.04,120039
2008-08-14 16:00:00-04:00,21.0,21.11,20.9044,21.0,100806
2008-08-15 16:00:00-04:00,21.05,21.14,20.93,21.14,90915
2008-08-18 16:00:00-04:00,21.15,21.15,20.79,20.896,133238
2008-08-19 16:00:00-04:00,20.77,20.79,20.52,20.64,159737
2008-08-20 16:00:00-04:00,20.57,20.66,20.46,20.6,143589
2008-08-21 16:00:00-04:00,20.46,20.85,20.46,20.73,466570
2008-08-22 16:00:00-04:00,20.89,21.12,20.71,21.09,119528
2008-08-25 16:00:00-04:00,20.98,21.03,20.66,20.7,170298
2008-08-26 16:00:00-04:00,20.69,20.9,20.58,20.73,350559
2008-08-27 16:00:00-04:00,20.77,20.91,20.77,20.86,102383
2008-08-28 16:00:00-04:00,21.0,21.2,20.96,21.2,106989
2008-08-29 16:00:00-04:00,21.2,21.23,20.98,21.05,120644
2008-09-02 16:00:00-04:00,21.2,21.26,20.99,21.0499,200354
2008-09-03 16:00:00-04:00,21.0,21.0,20.6,20.77,111906
2008-09-04 16:00:00-04:00,20.64,20.65,20.02,20.1,181993
2008-09-05 16:00:00-04:00,19.92,19.93,19.45,19.76,265567
2008-09-08 16:00:00-04:00,20.28,20.35,19.72,19.91,224298
2008-09-09 16:00:00-04:00,19.86,19.9395,19.18,19.21,169526
2008-09-10 16:00:00-04:00,19.14,19.27,18.79,19.02,282949
2008-09-11 16:00:00-04:00,18.71,18.818,18.44,18.81,201732
2008-09-12 16:00:00-04:00,18.79,19.01,18.73,18.93,186704
2008-09-15 16:00:00-04:00,18.3,18.52,17.96,18.02,296026
2008-09-16 16:00:00-04:00,17.63,17.84,16.98,17.41,350748
2008-09-17 16:00:00-04:00,17.19,17.27,16.25,16.3,373918
2008-09-18 16:00:00-04:00,16.44,16.84,15.33,16.84,516841
2008-09-19 16:00:00-04:00,18.19,20.0,17.74,18.04,401138
2008-09-22 16:00:00-04:00,17.19,17.87,17.19,17.21,233402
2008-09-23 16:00:00-04:00,17.22,17.27,16.71,16.94,204271
2008-09-24 16:00:00-04:00,16.96,17.07,16.68,16.78,208014
2008-09-25 16:00:00-04:00,16.82,17.41,16.8152,17.09,265095
2008-09-26 16:00:00-04:00,16.52,16.93,16.5,16.87,199000
2008-09-29 16:00:00-04:00,16.01,16.71,14.82,15.2,396397
2008-09-30 16:00:00-04:00,15.5,15.89,15.4,15.68,257616
2008-10-01 16:00:00-04:00,15.33,16.06,15.28,16.0,201407
2008-10-02 16:00:00-04:00,15.76,15.76,15.1,15.22,241094
2008-10-03 16:00:00-04:00,15.1,15.72,15.0,15.06,283860
2008-10-06 16:00:00-04:00,14.67,14.67,12.008,14.18,614551
2008-10-07 16:00:00-04:00,14.19,14.19,12.7,13.14,533053
2008-10-08 16:00:00-04:00,12.5,12.85,11.22,12.68,703310
2008-10-09 16:00:00-04:00,12.73,12.85,9.91,10.54,572652
2008-10-10 16:00:00-04:00,8.4,11.93,7.96,10.98,1264936
2008-10-13 16:00:00-04:00,20.0,20.0,11.3,12.89,618441
2008-10-14 16:00:00-04:00,13.93,13.98,13.02,13.47,407789
2008-10-15 16:00:00-04:00,13.1,13.17,12.35,12.42,214322
2008-10-16 16:00:00-04:00,12.52,12.69,11.47,12.52,369149
2008-10-17 16:00:00-04:00,13.0,13.29,12.01,12.83,272162
2008-10-20 16:00:00-04:00,12.88,13.54,12.8,13.43,299831
2008-10-21 16:00:00-04:00,13.35,13.6965,13.148,13.31,266419
2008-10-22 16:00:00-04:00,12.86,12.86,12.0,12.3399,198131
2008-10-23 16:00:00-04:00,12.33,12.5,11.65,11.83,288858
2008-10-24 16:00:00-04:00,11.21,11.51,11.0,11.19,295260
2008-10-27 16:00:00-04:00,10.98,11.3737,10.7,10.75,321502
2008-10-28 16:00:00-04:00,11.37,11.5,10.53,11.37,500892
2008-10-29 16:00:00-04:00,11.46,11.99,11.41,11.75,453281
2008-10-30 16:00:00-04:00,12.24,12.72,12.1,12.54,445942
2008-10-31 16:00:00-04:00,12.82,13.05,12.49,12.94,284818
2008-11-03 16:00:00-05:00,12.95,13.18,12.75,12.84,259515
2008-11-04 16:00:00-05:00,12.85,13.46,12.85,13.27,278954
2008-11-05 16:00:00-05:00,13.16,13.37,12.9,13.04,288593
2008-11-06 16:00:00-05:00,13.42,13.48,12.2,12.37,262544
2008-11-07 16:00:00-05:00,12.47,13.08,12.4,12.63,269096
2008-11-10 16:00:00-05:00,12.85,12.99,12.18,12.28,185701
2008-11-11 16:00:00-05:00,12.03,12.3289,11.61,12.25,311363
2008-11-12 16:00:00-05:00,12.01,12.03,11.04,11.43,262260
2008-11-13 16:00:00-05:00,11.33,11.79,10.61,11.78,682115
2008-11-14 16:00:00-05:00,11.63,11.85,11.19,11.21,307082
2008-11-17 16:00:00-05:00,10.98,10.98,10.39,10.6,343332
2008-11-18 16:00:00-05:00,10.63,10.75,10.16,10.63,372579
2008-11-19 16:00:00-05:00,10.37,10.47,9.64,9.8,293932
2008-11-20 16:00:00-05:00,9.28,9.37,7.95,8.4,620846
2008-11-21 16:00:00-05:00,8.52,8.65,7.5,8.6,659511
2008-11-24 16:00:00-05:00,8.7,9.7,8.7,9.6,591195
2008-11-25 16:00:00-05:00,9.7,9.9,9.29,9.69,383461
2008-11-26 16:00:00-05:00,9.43,10.17,9.42,10.17,403719
2008-11-28 16:00:00-05:00,10.12,10.23,9.916,10.07,204244
2008-12-01 16:00:00-05:00,9.6,9.78,9.22,9.27,420007
2008-12-02 16:00:00-05:00,9.36,9.88,9.31,9.63,398392
2008-12-03 16:00:00-05:00,9.25,10.21,9.25,10.12,363615
2008-12-04 16:00:00-05:00,10.58,10.58,9.29,10.02,456892
2008-12-05 16:00:00-05:00,9.86,10.3,9.45,10.3,335377
2008-12-08 16:00:00-05:00,10.49,11.27,10.49,11.06,585168
2008-12-09 16:00:00-05:00,10.88,11.52,10.83,11.074,477677
2008-12-10 16:00:00-05:00,11.1,11.11,10.46,10.85,429268
2008-12-11 16:00:00-05:00,10.84,10.96,10.33,10.59,288890
2008-12-12 16:00:00-05:00,10.2,10.82,10.13,10.72,379406
2008-12-15 16:00:00-05:00,10.64,10.69,10.11,10.34,309867
2008-12-16 16:00:00-05:00,10.39,10.66,10.15,10.65,642899
2008-12-17 16:00:00-05:00,10.4,10.96,10.24,10.87,450835
2008-12-18 16:00:00-05:00,10.9,11.26,10.66,10.67,303900
2008-12-19 16:00:00-05:00,10.65,11.28,10.55,11.17,412733
2008-12-22 16:00:00-05:00,10.81,11.05,10.44,10.63,483061
2008-12-23 16:00:00-05:00,10.65,10.85,10.37,10.45,375546
2008-12-24 16:00:00-05:00,10.47,10.85,10.47,10.61,215923
2008-12-26 16:00:00-05:00,10.69,11.17,10.66,11.11,333288
2008-12-29 16:00:00-05:00,10.85,10.95,10.58,10.71,415742
2008-12-30 16:00:00-05:00,10.6,10.96,10.6,10.88,555315
2008-12-31 16:00:00-05:00,11.0,11.9,11.0,11.65,547432
2009-01-02 16:00:00-05:00,11.67,12.27,11.64,12.12,321161
2009-01-05 16:00:00-05:00,12.01,12.31,11.68,12.0999,307028
2009-01-06 16:00:00-05:00,11.97,12.37,11.97,12.37,563306
2009-01-07 16:00:00-05:00,12.32,12.38,12.07,12.09,332785
2009-01-08 16:00:00-05:00,12.0,12.3396,11.83,12.2799,285904
2009-01-09 16:00:00-05:00,12.23,12.24,11.89,11.89,302772
2009-01-12 16:00:00-05:00,11.78,11.9,11.51,11.75,356972
2009-01-13 16:00:00-05:00,11.66,11.92,11.56,11.79,325907
2009-01-14 16:00:00-05:00,11.57,11.57,11.1,11.35,294854
2009-01-15 16:00:00-05:00,11.23,11.29,10.78,11.22,259217
2009-01-16 16:00:00-05:00,11.39,11.6,11.0,11.26,213221
2009-01-20 16:00:00-05:00,11.11,11.1599,10.62,10.73,148049
2009-01-21 16:00:00-05:00,10.84,11.06,10.53,11.06,284119
2009-01-22 16:00:00-05:00,10.77,10.99,10.66,10.86,167569
2009-01-23 16:00:00-05:00,10.51,10.98,10.5,10.94,189907
2009-01-26 16:00:00-05:00,10.93,11.24,10.68,10.89,202363
2009-01-27 16:00:00-05:00,10.94,11.25,10.89,11.2,223687
2009-01-28 16:00:00-05:00,11.28,11.71,11.28,11.69,172647
2009-01-29 16:00:00-05:00,11.52,11.53,11.1,11.24,208904
2009-01-30 16:00:00-05:00,11.12,11.27,10.82,11.0,208096
2009-02-02 16:00:00-05:00,10.82,10.82,10.63,10.79,158839
2009-02-03 16:00:00-05:00,10.81,10.99,10.66,10.99,256307
2009-02-04 16:00:00-05:00,10.95,11.24,10.92,11.04,361951
2009-02-05 16:00:00-05:00,10.72,11.16,10.71,11.09,387456
2009-02-06 16:00:00-05:00,11.04,11.4,11.04,11.39,171096
2009-02-09 16:00:00-05:00,11.22,11.36,11.09,11.36,282049
2009-02-10 16:00:00-05:00,11.17,11.34,10.78,11.03,419948
2009-02-11 16:00:00-05:00,10.9,11.06,10.62,10.78,348490
2009-02-12 16:00:00-05:00,10.63,10.86,10.36,10.54,369585
2009-02-13 16:00:00-05:00,10.58,10.72,10.51,10.52,288212
2009-02-17 16:00:00-05:00,10.23,10.23,9.75,9.83,266743
2009-02-18 16:00:00-05:00,9.83,9.83,9.18,9.45,395346
2009-02-19 16:00:00-05:00,9.51,9.61,9.08,9.19,255107
2009-02-20 16:00:00-05:00,8.97,9.0,8.4,8.66,576313
2009-02-23 16:00:00-05:00,8.74,8.74,7.9,7.97,591742
2009-02-24 16:00:00-05:00,8.17,8.47,7.89,8.46,419695
2009-02-25 16:00:00-05:00,8.41,8.54,8.19,8.42,275863
2009-02-26 16:00:00-05:00,8.52,8.7382,8.43,8.55,270872
2009-02-27 16:00:00-05:00,8.7,8.7,8.23,8.3,338815
2009-03-02 16:00:00-05:00,7.87,8.0,7.33,7.35,453391
2009-03-03 16:00:00-05:00,7.42,7.44,6.79,7.05,753365
2009-03-04 16:00:00-05:00,7.16,7.56,7.13,7.5,439212
2009-03-05 16:00:00-05:00,7.38,7.38,7.0,7.01,736351
2009-03-06 16:00:00-05:00,7.09,7.2248,6.8,7.07,559882
2009-03-09 16:00:00-04:00,6.8,7.0,6.7,6.81,719137
2009-03-10 16:00:00-04:00,6.91,7.33,6.91,7.32,477185
2009-03-11 16:00:00-04:00,7.4,7.67,7.26,7.6,297222
2009-03-12 16:00:00-04:00,7.51,8.0,7.44,8.0,244749
2009-03-13 16:00:00-04:00,7.99,8.1,7.82,7.94,301282
2009-03-16 16:00:00-04:00,8.09,8.39,8.0499,8.07,280437
2009-03-17 16:00:00-04:00,8.06,8.34,8.06,8.33,192357
2009-03-18 16:00:00-04:00,8.18,8.6643,8.11,8.53,260517
2009-03-19 16:00:00-04:00,8.73,8.73,8.34,8.35,397659
2009-03-20 16:00:00-04:00,8.34,8.45,8.21,8.23,258208
2009-03-23 16:00:00-04:00,8.42,8.82,8.42,8.8,362404
2009-03-24 16:00:00-04:00,8.69,8.87,8.67,8.81,423885
2009-03-25 16:00:00-04:00,8.82,9.08,8.7,9.03,326958
2009-03-26 16:00:00-04:00,9.15,9.34,9.1,9.3,368039
2009-03-27 16:00:00-04:00,9.14,9.16,9.0,9.07,171842
2009-03-30 16:00:00-04:00,8.69,8.77,8.6,8.77,255539
2009-03-31 16:00:00-04:00,8.82,8.96,8.79,8.9275,334146
2009-04-01 16:00:00-04:00,8.76,9.07,8.75,9.05,349399
2009-04-02 16:00:00-04:00,9.18,9.53,9.18,9.39,406685
2009-04-03 16:00:00-04:00,9.34,9.54,9.2,9.54,226752
2009-04-06 16:00:00-04:00,9.29,9.4,9.24,9.36,230112
2009-04-07 16:00:00-04:00,9.18,9.28,9.07,9.09,311880
2009-04-08 16:00:00-04:00,9.17,9.32,9.1,9.18,197130
2009-04-09 16:00:00-04:00,9.46,9.7,9.456,9.65,429019
2009-04-13 16:00:00-04:00,9.45,9.77,9.45,9.71,279945
2009-04-14 16:00:00-04:00,9.61,9.73,9.51,9.54,273283
2009-04-15 16:00:00-04:00,9.5,9.77,9.5,9.73,247939
2009-04-16 16:00:00-04:00,9.83,10.0256,9.67,9.93,312511
2009-04-17 16:00:00-04:00,9.76,10.1,9.76,10.0,218955
2009-04-20 16:00:00-04:00,9.87,9.87,9.48,9.49,256134
2009-04-21 16:00:00-04:00,9.4,9.67,9.39,9.62,195438
2009-04-22 16:00:00-04:00,9.45,9.72,9.45,9.48,335412
2009-04-23 16:00:00-04:00,9.54,9.57,9.39,9.5,381346
2009-04-24 16:00:00-04:00,9.61,9.84,9.61,9.72,252945
2009-04-27 16:00:00-04:00,9.62,9.82,9.55,9.69,266055
2009-04-28 16:00:00-04:00,9.54,9.75,9.5,9.64,186155
2009-04-29 16:00:00-04:00,9.73,9.9695,9.72,9.85,283116
2009-04-30 16:00:00-04:00,10.09,10.2,10.0,10.131,341227
2009-05-01 16:00:00-04:00,10.14,10.32,10.0,10.31,281332
2009-05-04 16:00:00-04:00,10.42,10.68,10.3801,10.67,301748
2009-05-05 16:00:00-04:00,10.69,10.71,10.51,10.61,374477
2009-05-06 16:00:00-04:00,10.77,10.89,10.6408,10.86,255749
2009-05-07 16:00:00-04:00,10.98,11.04,10.7,10.84,379650
2009-05-08 16:00:00-04:00,10.93,11.17,10.84,11.15,277900
2009-05-11 16:00:00-04:00,10.94,11.14,10.88,11.02,278483
2009-05-12 16:00:00-04:00,11.09,11.12,10.94,10.97,242096
2009-05-13 16:00:00-04:00,10.62,10.81,10.62,10.72,237821
2009-05-14 16:00:00-04:00,10.7,10.95,10.7,10.87,173984
2009-05-15 16:00:00-04:00,10.89,10.92,10.73,10.83,167747
2009-05-18 16:00:00-04:00,10.95,11.33,10.95,11.27,243301
2009-05-19 16:00:00-04:00,11.33,11.54,11.2199,11.4,271969
2009-05-20 16:00:00-04:00,11.52,11.6085,11.33,11.4,224380
2009-05-21 16:00:00-04:00,11.18,11.3,11.02,11.19,294179
2009-05-22 16:00:00-04:00,11.29,11.44,11.23,11.32,218412
2009-05-26 16:00:00-04:00,11.31,11.74,11.29,11.49,255531
2009-05-27 16:00:00-04:00,11.5,11.62,11.27,11.31,234721
2009-05-28 16:00:00-04:00,11.39,11.67,11.3,11.64,277522
2009-05-29 16:00:00-04:00,11.72,11.82,11.6,11.69,274766
2009-06-01 16:00:00-04:00,11.92,12.07,11.89,12.03,221707
2009-06-02 16:00:00-04:00,11.9,12.31,11.9,12.29,235405
2009-06-03 16:00:00-04:00,12.16,12.16,11.85,12.03,297824
2009-06-04 16:00:00-04:00,12.02,12.35,11.89,12.34,264636
2009-06-05 16:00:00-04:00,12.53,12.55,12.26,12.35,253881
2009-06-08 16:00:00-04:00,12.26,12.3,12.11,12.25,189524
2009-06-09 16:00:00-04:00,12.31,12.49,12.25,12.48,141933
2009-06-10 16:00:00-04:00,12.57,12.64,12.35,12.52,156225
2009-06-11 16:00:00-04:00,12.57,12.76,12.55,12.65,242728
2009-06-12 16:00:00-04:00,12.62,12.87,12.58,12.86,207875
2009-06-15 16:00:00-04:00,12.65,12.65,12.4263,12.49,222542
2009-06-16 16:00:00-04:00,12.59,12.62,12.28,12.3,235902
2009-06-17 16:00:00-04:00,12.3,12.4,12.13,12.24,238484
2009-06-18 16:00:00-04:00,12.29,12.43,12.12,12.16,349990
2009-06-19 16:00:00-04:00,12.19,12.3,12.04,12.17,152447
2009-06-22 16:00:00-04:00,12.13,12.13,11.55,11.57,316435
2009-06-23 16:00:00-04:00,11.6,11.72,11.09,11.37,384526
2009-06-24 16:00:00-04:00,11.46,11.8793,11.46,11.72,211250
2009-06-25 16:00:00-04:00,11.68,12.05,11.64,12.03,311892
2009-06-26 16:00:00-04:00,11.98,12.0,11.84,11.93,206891
2009-06-29 16:00:00-04:00,11.97,12.05,11.88,12.02,238265
2009-06-30 16:00:00-04:00,12.16,12.16,11.85,12.07,186587
2009-07-01 16:00:00-04:00,12.1,12.2799,12.06,12.25,172702
2009-07-02 16:00:00-04:00,12.1,12.16,11.94,12.03,231560
2009-07-06 16:00:00-04:00,11.91,12.0,11.84,11.87,149715
2009-07-07 16:00:00-04:00,11.85,11.89,11.68,11.71,153330
2009-07-08 16:00:00-04:00,11.76,11.81,11.37,11.49,250215
2009-07-09 16:00:00-04:00,11.66,11.89,11.57,11.79,180617
2009-07-10 16:00:00-04:00,11.77,11.93,11.62,11.89,161650
2009-07-13 16:00:00-04:00,12.01,12.05,11.874,12.02,175265
2009-07-14 16:00:00-04:00,12.1,12.2197,12.05,12.18,169368
2009-07-15 16:00:00-04:00,12.32,12.65,12.3185,12.62,317523
2009-07-16 16:00:00-04:00,12.66,12.77,12.5,12.72,204063
2009-07-17 16:00:00-04:00,12.69,12.8,12.6168,12.799,203911
2009-07-20 16:00:00-04:00,12.82,12.99,12.71,12.97,282169
2009-07-21 16:00:00-04:00,13.03,13.17,12.96,13.06,231209
2009-07-22 16:00:00-04:00,12.93,13.07,12.84,13.01,183337
2009-07-23 16:00:00-04:00,13.07,13.44,13.05,13.41,274473
2009-07-24 16:00:00-04:00,13.27,13.3497,13.15,13.33,222881
2009-07-27 16:00:00-04:00,13.26,13.45,13.19,13.43,197626
2009-07-28 16:00:00-04:00,13.47,13.48,13.23,13.39,225176
2009-07-29 16:00:00-04:00,13.31,13.34,13.0545,13.11,288987
2009-07-30 16:00:00-04:00,13.24,13.51,13.24,13.49,224743
2009-07-31 16:00:00-04:00,13.5,13.71,13.45,13.68,163268
2009-08-03 16:00:00-04:00,13.75,13.8874,13.63,13.7,272431
2009-08-04 16:00:00-04:00,13.63,13.88,13.61,13.801,220345
2009-08-05 16:00:00-04:00,13.46,13.89,13.46,13.81,192326
2009-08-06 16:00:00-04:00,13.83,13.94,13.5,13.6,219500
2009-08-07 16:00:00-04:00,13.71,13.99,13.7,13.88,173151
2009-08-10 16:00:00-04:00,13.81,13.99,13.81,13.99,214275
2009-08-11 16:00:00-04:00,13.97,13.97,13.63,13.67,227856
2009-08-12 16:00:00-04:00,13.71,13.9,13.62,13.65,191537
2009-08-13 16:00:00-04:00,13.77,13.95,13.65,13.85,179577
2009-08-14 16:00:00-04:00,13.63,13.91,13.63,13.85,190995
2009-08-17 16:00:00-04:00,13.68,13.68,13.17,13.24,354130
2009-08-18 16:00:00-04:00,13.26,13.7297,13.26,13.63,297352
2009-08-19 16:00:00-04:00,13.5,13.78,13.48,13.67,196081
2009-08-20 16:00:00-04:00,13.56,13.75,13.53,13.636,257069
2009-08-21 16:00:00-04:00,13.68,13.85,13.66,13.72,313877
2009-08-24 16:00:00-04:00,13.74,13.94,13.74,13.9299,410102
2009-08-25 16:00:00-04:00,13.92,14.1,13.92,14.07,227809
2009-08-26 16:00:00-04:00,14.07,14.11,13.9621,14.004,211132
2009-08-27 16:00:00-04:00,14.02,14.0398,13.76,13.9,157802
2009-08-28 16:00:00-04:00,13.94,14.1,13.82,14.09,245221
2009-08-31 16:00:00-04:00,14.1,14.13,13.86,13.92,176270
2009-09-01 16:00:00-04:00,13.84,13.98,13.44,13.49,303898
2009-09-02 16:00:00-04:00,13.44,13.5977,13.35,13.47,142811
2009-09-03 16:00:00-04:00,13.54,13.73,13.47,13.65,107026
2009-09-04 16:00:00-04:00,13.74,13.88,13.61,13.88,145473
2009-09-08 16:00:00-04:00,13.96,14.12,13.92,14.12,164943
2009-09-09 16:00:00-04:00,14.15,14.3,14.03,14.19,254672
2009-09-10 16:00:00-04:00,14.18,14.29,14.09,14.23,240588
2009-09-11 16:00:00-04:00,14.22,14.31,14.22,14.25,147665
2009-09-14 16:00:00-04:00,14.18,14.53,14.154,14.52,228254
2009-09-15 16:00:00-04:00,14.51,14.7,14.41,14.7,221779
2009-09-16 16:00:00-04:00,14.7,15.05,14.7,14.89,312262
2009-09-17 16:00:00-04:00,14.86,14.98,14.75,14.84,279759
2009-09-18 16:00:00-04:00,14.93,15.01,14.84,15.009,172301
2009-09-21 16:00:00-04:00,14.88,14.89,14.63,14.77,252850
2009-09-22 16:00:00-04:00,14.8,14.93,14.69,14.8,196889
2009-09-23 16:00:00-04:00,14.86,14.92,14.71,14.81,220500
2009-09-24 16:00:00-04:00,14.8,14.84,14.4301,14.48,210688
2009-09-25 16:00:00-04:00,14.44,14.6,14.43,14.56,185131
2009-09-28 16:00:00-04:00,14.58,14.82,14.58,14.7,153900
2009-09-29 16:00:00-04:00,14.45,14.75,14.45,14.75,134753
2009-09-30 16:00:00-04:00,14.84,14.9,14.57,14.79,348260
2009-10-01 16:00:00-04:00,14.74,14.77,14.46,14.46,208264
2009-10-02 16:00:00-04:00,14.34,14.4085,14.1227,14.28,198484
2009-10-05 16:00:00-04:00,14.32,14.67,14.313,14.54,192320
2009-10-06 16:00:00-04:00,14.66,14.769,14.55,14.67,209055
2009-10-07 16:00:00-04:00,14.68,14.82,14.63,14.8,189387
2009-10-08 16:00:00-04:00,14.84,15.0285,14.78,14.96,181621
2009-10-09 16:00:00-04:00,14.9,15.01,14.9,14.97,159426
2009-10-12 16:00:00-04:00,15.07,15.11,14.81,14.87,161178
2009-10-13 16:00:00-04:00,14.76,14.93,14.76,14.93,171857
2009-10-14 16:00:00-04:00,15.12,15.16,15.02,15.08,168696
2009-10-15 16:00:00-04:00,15.07,15.19,15.03,15.11,172430
2009-10-16 16:00:00-04:00,15.02,15.12,15.0,15.09,163238
2009-10-19 16:00:00-04:00,15.12,15.259,15.12,15.17,140328
2009-10-20 16:00:00-04:00,15.22,15.28,15.14,15.22,180526
2009-10-21 16:00:00-04:00,14.99,15.19,14.95,14.95,237957
2009-10-22 16:00:00-04:00,14.99,15.17,14.95,15.13,201824
2009-10-23 16:00:00-04:00,15.2,15.25,15.09,15.12,187282
2009-10-26 16:00:00-04:00,15.22,15.34,15.01,15.15,242823
2009-10-27 16:00:00-04:00,15.2,15.28,15.02,15.11,262328
2009-10-28 16:00:00-04:00,15.1,15.12,14.75,14.77,221638
2009-10-29 16:00:00-04:00,14.99,15.0799,14.86,14.97,212395
2009-10-30 16:00:00-04:00,15.0,15.0,14.13,14.14,375891
2009-11-02 16:00:00-05:00,14.19,14.48,13.82,14.05,391231
2009-11-03 16:00:00-05:00,13.98,14.29,13.8533,14.29,143332
2009-11-04 16:00:00-05:00,14.38,14.4893,14.25,14.27,307908
2009-11-05 16:00:00-05:00,14.33,14.47,14.32,14.44,227009
2009-11-06 16:00:00-05:00,14.34,14.56,14.34,14.49,215054
2009-11-09 16:00:00-05:00,14.61,14.96,14.61,14.88,189002
2009-11-10 16:00:00-05:00,14.84,14.98,14.64,14.97,176135
2009-11-11 16:00:00-05:00,15.04,15.17,15.04,15.09,228262
2009-11-12 16:00:00-05:00,15.12,15.12,14.89,14.97,145374
2009-11-13 16:00:00-05:00,15.0,15.1,14.87,14.915,168846
2009-11-16 16:00:00-05:00,15.0,15.19,15.0,15.08,169883
2009-11-17 16:00:00-05:00,15.06,15.13,15.024,15.1,146129
2009-11-18 16:00:00-05:00,15.11,15.15,15.0456,15.1,175259
2009-11-19 16:00:00-05:00,14.92,14.92,14.73,14.77,199074
2009-11-20 16:00:00-05:00,14.63,14.83,14.63,14.75,179924
2009-11-23 16:00:00-05:00,15.05,15.17,15.03,15.08,453166
2009-11-24 16:00:00-05:00,15.16,15.54,15.06,15.54,485260
2009-11-25 16:00:00-05:00,15.65,16.01,15.59,15.94,469531
2009-11-27 13:00:00-05:00,15.55,15.94,15.49,15.85,272233
2009-11-30 16:00:00-05:00,15.84,16.0,15.71,15.82,341109
2009-12-01 16:00:00-05:00,15.92,16.0,15.8,15.97,346722
2009-12-02 16:00:00-05:00,15.94,16.02,15.87,15.95,328909
2009-12-03 16:00:00-05:00,15.97,16.01,15.61,15.66,343786
2009-12-04 16:00:00-05:00,15.78,15.9,15.53,15.57,286901
2009-12-07 16:00:00-05:00,15.58,15.664,15.51,15.63,255842
2009-12-08 16:00:00-05:00,15.52,15.63,15.45,15.6,266701
2009-12-09 16:00:00-05:00,15.6,15.61,15.43,15.57,286293
2009-12-10 16:00:00-05:00,15.71,15.78,15.58,15.67,168889
2009-12-11 16:00:00-05:00,15.78,15.8,15.64,15.65,195405
2009-12-14 16:00:00-05:00,15.72,15.9,15.72,15.86,233015
2009-12-15 16:00:00-05:00,15.8,15.88,15.76,15.87,234871
2009-12-16 16:00:00-05:00,15.91,16.1,15.83,16.05,229527
2009-12-17 16:00:00-05:00,15.96,15.97,15.78,15.81,257414
2009-12-18 16:00:00-05:00,15.86,15.89,15.77,15.87,267895
2009-12-21 16:00:00-05:00,15.92,16.02,15.91,16.01,212530
2009-12-22 16:00:00-05:00,15.92,15.95,15.69,15.71,225193
2009-12-23 16:00:00-05:00,15.77,16.01,15.76,15.99,296793
2009-12-24 13:00:00-05:00,15.96,16.05,15.88,15.9,99516
2009-12-28 16:00:00-05:00,16.01,16.051,15.88,15.91,235975
2009-12-29 16:00:00-05:00,15.85,16.01,15.821,16.0,242501
2009-12-30 16:00:00-05:00,15.95,16.0,15.91,16.0,232054
2009-12-31 16:00:00-05:00,16.0,16.1065,15.74,15.78,211791
2010-01-04 16:00:00-05:00,15.82,16.1,15.79,16.06,361366
2010-01-05 16:00:00-05:00,16.16,16.24,16.06,16.2,199810
2010-01-06 16:00:00-05:00,16.22,16.31,16.13,16.21,220740
2010-01-07 16:00:00-05:00,16.2,16.29,16.1,16.21,174402
2010-01-08 16:00:00-05:00,16.22,16.33,16.22,16.3051,144480
2010-01-11 16:00:00-05:00,16.38,16.48,16.2218,16.3,181621
2010-01-12 16:00:00-05:00,16.17,16.27,16.12,16.19,296655
2010-01-13 16:00:00-05:00,16.27,16.35,16.22,16.34,114997
2010-01-14 16:00:00-05:00,16.38,16.39,16.26,16.34,150100
2010-01-15 16:00:00-05:00,16.31,16.31,16.06,16.22,209358
2010-01-19 16:00:00-05:00,16.06,16.38,16.06,16.32,214667
2010-01-20 16:00:00-05:00,16.27,16.27,16.1,16.23,229802
2010-01-21 16:00:00-05:00,16.22,16.24,15.9,15.96,332577
2010-01-22 16:00:00-05:00,15.91,15.91,15.57,15.62,228003
2010-01-25 16:00:00-05:00,15.72,15.78,15.58,15.6,205656
2010-01-26 16:00:00-05:00,15.53,15.591,15.23,15.27,337561
2010-01-27 16:00:00-05:00,15.3,15.49,14.56,14.94,599068
2010-01-28 16:00:00-05:00,15.05,15.06,14.75,14.96,262414
2010-01-29 16:00:00-05:00,15.01,15.12,14.75,14.83,192654
2010-02-01 16:00:00-05:00,14.84,15.01,14.83,15.01,166663
2010-02-02 16:00:00-05:00,15.04,15.37,15.04,15.35,202102
2010-02-03 16:00:00-05:00,15.29,15.39,15.25,15.36,148141
2010-02-04 16:00:00-05:00,15.11,15.19,14.76,14.8,261406
2010-02-05 16:00:00-05:00,14.7,14.7,13.94,14.46,437167
2010-02-08 16:00:00-05:00,14.4,14.42,14.19,14.31,244641
2010-02-09 16:00:00-05:00,14.42,14.54,14.29,14.5,236505
2010-02-10 16:00:00-05:00,14.46,14.63,14.38,14.56,169646
2010-02-11 16:00:00-05:00,14.61,14.83,14.5145,14.78,142956
2010-02-12 16:00:00-05:00,14.73,14.86,14.66,14.76,290897
2010-02-16 16:00:00-05:00,14.98,15.01,14.86,14.97,236622
2010-02-17 16:00:00-05:00,15.11,15.15,15.0103,15.1,201623
2010-02-18 16:00:00-05:00,15.11,15.18,15.05,15.165,199289
2010-02-19 16:00:00-05:00,15.1,15.27,15.04,15.17,150281
2010-02-22 16:00:00-05:00,15.19,15.2,15.07,15.12,197040
2010-02-23 16:00:00-05:00,15.12,15.14,14.99,15.02,236660
2010-02-24 16:00:00-05:00,15.08,15.18,15.08,15.09,167860
2010-02-25 16:00:00-05:00,14.87,15.1,14.86,15.1,189633
2010-02-26 16:00:00-05:00,15.13,15.27,15.1198,15.2301,159838
2010-03-01 16:00:00-05:00,15.54,15.54,15.29,15.48,171001
2010-03-02 16:00:00-05:00,15.53,15.6609,15.48,15.66,203313
2010-03-03 16:00:00-05:00,15.72,15.7901,15.611,15.65,147196
2010-03-04 16:00:00-05:00,15.67,15.69,15.58,15.5901,147737
2010-03-05 16:00:00-05:00,15.66,15.89,15.66,15.85,194285
2010-03-08 16:00:00-05:00,15.94,15.94,15.83,15.89,166781
2010-03-09 16:00:00-05:00,15.87,16.12,15.84,16.04,323235
2010-03-10 16:00:00-05:00,16.05,16.18,15.99,16.15,209782
2010-03-11 16:00:00-05:00,16.1,16.1899,16.07,16.1,203419
2010-03-12 16:00:00-05:00,16.22,16.22,16.04,16.05,141264
2010-03-15 16:00:00-04:00,16.06,16.06,15.83,15.93,192304
2010-03-16 16:00:00-04:00,15.99,16.07,15.9499,16.07,202424
2010-03-17 16:00:00-04:00,16.19,16.26,16.15,16.17,173807
2010-03-18 16:00:00-04:00,16.23,16.23,16.15,16.19,174957
2010-03-19 16:00:00-04:00,16.21,16.23,16.05,16.08,200845
2010-03-22 16:00:00-04:00,15.94,16.04,15.88,15.97,128358
2010-03-23 16:00:00-04:00,16.06,16.09,15.98,16.086,155707
2010-03-24 16:00:00-04:00,16.09,16.1694,16.05,16.0999,227084
2010-03-25 16:00:00-04:00,16.16,16.2,16.02,16.06,166816
2010-03-26 16:00:00-04:00,16.14,16.15,16.0116,16.03,156820
2010-03-29 16:00:00-04:00,16.13,16.21,16.09,16.14,196294
2010-03-30 16:00:00-04:00,16.21,16.2763,16.159,16.22,244213
2010-03-31 16:00:00-04:00,16.19,16.27,16.15,16.18,172464
2010-04-01 16:00:00-04:00,16.3,16.35,16.19,16.25,161834
2010-04-05 16:00:00-04:00,16.33,16.46,16.28,16.39,131362
2010-04-06 16:00:00-04:00,16.35,16.5,16.26,16.48,191275
2010-04-07 16:00:00-04:00,16.52,16.53,16.36,16.44,199905
2010-04-08 16:00:00-04:00,16.4,16.54,16.33,16.54,154144
2010-04-09 16:00:00-04:00,16.67,16.67,16.5,16.6,124999
2010-04-12 16:00:00-04:00,16.6,16.699,16.59,16.61,185554
2010-04-13 16:00:00-04:00,16.59,16.64,16.5,16.62,144077
2010-04-14 16:00:00-04:00,16.65,16.8,16.63,16.8,181904
2010-04-15 16:00:00-04:00,16.78,16.8,16.7,16.74,147644
2010-04-16 16:00:00-04:00,16.67,16.74,16.43,16.5811,223061
2010-04-19 16:00:00-04:00,16.45,16.61,16.45,16.53,120314
2010-04-20 16:00:00-04:00,16.6,16.68,16.57,16.67,166931
2010-04-21 16:00:00-04:00,16.58,16.73,16.53,16.61,146701
2010-04-22 16:00:00-04:00,16.42,16.6001,16.39,16.6001,161435
2010-04-23 16:00:00-04:00,16.56,16.62,16.53,16.62,112091
2010-04-26 16:00:00-04:00,16.63,16.67,16.56,16.6,153520
2010-04-27 16:00:00-04:00,16.56,16.63,16.23,16.28,284547
2010-04-28 16:00:00-04:00,16.3,16.43,16.17,16.21,220471
2010-04-29 16:00:00-04:00,16.21,16.43,16.21,16.38,275681
2010-04-30 16:00:00-04:00,16.42,16.43,16.18,16.18,136927
2010-05-03 16:00:00-04:00,16.24,16.42,16.21,16.36,128694
2010-05-04 16:00:00-04:00,16.15,16.27,15.77,15.82,317091
2010-05-05 16:00:00-04:00,15.58,15.68,15.18,15.41,315563
2010-05-06 16:00:00-04:00,15.07,15.36,13.28,14.36,949386
2010-05-07 16:00:00-04:00,14.16,14.5,13.75,14.19,429151
2010-05-10 16:00:00-04:00,15.01,15.144,14.9,15.05,365087
2010-05-11 16:00:00-04:00,14.91,15.15,14.88,14.96,197711
2010-05-12 16:00:00-04:00,15.13,15.24,15.04,15.24,162352
2010-05-13 16:00:00-04:00,15.18,15.27,15.1,15.162,203001
2010-05-14 16:00:00-04:00,15.03,15.05,14.55,14.76,260184
2010-05-17 16:00:00-04:00,14.85,14.89,14.5,14.74,220652
2010-05-18 16:00:00-04:00,14.94,14.95,14.6,14.6399,190701
2010-05-19 16:00:00-04:00,14.5,14.64,13.971,14.3,349604
2010-05-20 16:00:00-04:00,13.89,13.95,13.47,13.57,439479
2010-05-21 16:00:00-04:00,13.49,13.91,13.29,13.806,332463
2010-05-24 16:00:00-04:00,13.79,13.87,13.57,13.73,226351
2010-05-25 16:00:00-04:00,13.45,13.78,13.14,13.77,270858
2010-05-26 16:00:00-04:00,13.98,13.99,13.61,13.72,248621
2010-05-27 16:00:00-04:00,13.95,14.38,13.95,14.38,286683
2010-05-28 16:00:00-04:00,14.44,14.46,14.17,14.31,210877
2010-06-01 16:00:00-04:00,14.07,14.37,14.07,14.15,162581
2010-06-02 16:00:00-04:00,14.18,14.3,14.06,14.25,307412
2010-06-03 16:00:00-04:00,14.25,14.5,14.25,14.4,167764
2010-06-04 16:00:00-04:00,14.16,14.339,13.98,14.03,165291
2010-06-07 16:00:00-04:00,14.19,14.25,13.8,13.8,231630
2010-06-08 16:00:00-04:00,13.81,13.98,13.731,13.96,173291
2010-06-09 16:00:00-04:00,13.96,14.16,13.87,13.9,160682
2010-06-10 16:00:00-04:00,14.18,14.42,14.14,14.4,246913
2010-06-11 16:00:00-04:00,14.31,14.49,14.28,14.45,154795
2010-06-14 16:00:00-04:00,14.62,14.78,14.62,14.62,145907
2010-06-15 16:00:00-04:00,14.65,14.88,14.64,14.84,203416
2010-06-16 16:00:00-04:00,14.74,14.9089,14.69,14.81,156817
2010-06-17 16:00:00-04:00,14.87,14.87,14.72,14.81,137411
2010-06-18 16:00:00-04:00,14.87,14.9082,14.75,14.81,146605
2010-06-21 16:00:00-04:00,14.79,14.8875,14.46,14.5395,132449
2010-06-22 16:00:00-04:00,14.51,14.6,14.24,14.24,235743
2010-06-23 16:00:00-04:00,14.29,14.39,14.19,14.29,186887
2010-06-24 16:00:00-04:00,14.19,14.3,14.09,14.14,143463
2010-06-25 16:00:00-04:00,14.17,14.32,14.0,14.27,131659
2010-06-28 16:00:00-04:00,14.33,14.41,14.11,14.28,150156
2010-06-29 16:00:00-04:00,14.16,14.17,13.84,13.92,214304
2010-06-30 16:00:00-04:00,14.0,14.04,13.81,13.82,239565
2010-07-01 16:00:00-04:00,13.77,13.82,13.51,13.65,240296
2010-07-02 16:00:00-04:00,13.6,13.69,13.43,13.53,246133
2010-07-06 16:00:00-04:00,13.62,13.89,13.62,13.76,193397
2010-07-07 16:00:00-04:00,13.74,14.15,13.74,14.12,156308
2010-07-08 16:00:00-04:00,14.2,14.32,14.12,14.32,184830
2010-07-09 16:00:00-04:00,14.33,14.43,14.2,14.42,116790
2010-07-12 16:00:00-04:00,14.43,14.47,14.32,14.39,150629
2010-07-13 16:00:00-04:00,14.56,14.6662,14.51,14.63,192613
2010-07-14 16:00:00-04:00,14.61,14.65,14.5,14.58,182549
2010-07-15 16:00:00-04:00,14.6,14.61,14.42,14.61,117904
2010-07-16 16:00:00-04:00,14.54,14.54,14.2803,14.32,191647
2010-07-19 16:00:00-04:00,14.41,14.49,14.32,14.46,107580
2010-07-20 16:00:00-04:00,14.36,14.64,14.31,14.58,169394
2010-07-21 16:00:00-04:00,14.52,14.58,14.3,14.42,158413
2010-07-22 16:00:00-04:00,14.53,14.76,14.52,14.76,251463
2010-07-23 16:00:00-04:00,14.74,14.96,14.69,14.82,150707
2010-07-26 16:00:00-04:00,14.84,15.12,14.84,15.12,179449
2010-07-27 16:00:00-04:00,15.15,15.19,14.992,15.03,187609
2010-07-28 16:00:00-04:00,15.04,15.1,14.9615,14.98,148300
2010-07-29 16:00:00-04:00,15.08,15.19,14.91,15.04,185107
2010-07-30 16:00:00-04:00,14.98,15.15,14.91,15.0,261086
2010-08-02 16:00:00-04:00,15.14,15.443,15.12,15.27,283768
2010-08-03 16:00:00-04:00,15.22,15.37,15.03,15.27,168697
2010-08-04 16:00:00-04:00,15.27,15.42,15.201,15.42,126371
2010-08-05 16:00:00-04:00,15.33,15.62,15.31,15.49,266259
2010-08-06 16:00:00-04:00,15.39,15.55,15.33,15.54,156583
2010-08-09 16:00:00-04:00,15.58,15.58,15.493,15.54,141491
2010-08-10 16:00:00-04:00,15.46,15.47,15.33,15.4099,146044
2010-08-11 16:00:00-04:00,15.22,15.22,14.85,14.89,290503
2010-08-12 16:00:00-04:00,14.63,14.9,14.62,14.835,219094
2010-08-13 16:00:00-04:00,14.91,14.977,14.82,14.89,190490
2010-08-16 16:00:00-04:00,14.86,15.01,14.83,14.96,191844
2010-08-17 16:00:00-04:00,15.12,15.3,15.04,15.24,175980
2010-08-18 16:00:00-04:00,15.45,15.45,15.16,15.34,163860
2010-08-19 16:00:00-04:00,15.33,15.33,15.0,15.079,212154
2010-08-20 16:00:00-04:00,14.9,14.96,14.77,14.93,144909
2010-08-23 16:00:00-04:00,15.03,15.07,14.95,15.0,109843
2010-08-24 16:00:00-04:00,14.87,14.95,14.71,14.81,223416
2010-08-25 16:00:00-04:00,14.7,14.85,14.65,14.83,203251
2010-08-26 16:00:00-04:00,14.87,14.96,14.6435,14.69,212005
2010-08-27 16:00:00-04:00,14.73,15.0,14.63,14.92,252941
2010-08-30 16:00:00-04:00,14.85,14.94,14.74,14.78,150339
2010-08-31 16:00:00-04:00,14.77,14.86,14.66,14.7501,203466
2010-09-01 16:00:00-04:00,14.97,15.1575,14.93,15.11,223506
2010-09-02 16:00:00-04:00,15.1,15.23,15.07,15.23,250764
2010-09-03 16:00:00-04:00,15.31,15.37,15.24,15.37,183634
2010-09-07 16:00:00-04:00,15.32,15.32,15.11,15.11,170208
2010-09-08 16:00:00-04:00,15.32,15.4,15.17,15.35,171408
2010-09-09 16:00:00-04:00,15.45,15.49,15.36,15.48,151811
2010-09-10 16:00:00-04:00,15.49,15.59,15.454,15.59,176750
2010-09-13 16:00:00-04:00,15.69,15.78,15.63,15.72,163186
2010-09-14 16:00:00-04:00,15.72,15.81,15.62,15.72,165569
2010-09-15 16:00:00-04:00,15.59,15.74,15.59,15.74,148996
2010-09-16 16:00:00-04:00,15.73,15.73,15.61,15.69,128304
2010-09-17 16:00:00-04:00,15.79,15.8,15.67,15.71,136394
2010-09-20 16:00:00-04:00,15.7,15.92,15.7,15.89,178066
2010-09-21 16:00:00-04:00,15.78,15.84,15.59,15.65,297123
2010-09-22 16:00:00-04:00,15.67,15.94,15.48,15.5599,229219
2010-09-23 16:00:00-04:00,15.49,15.59,15.33,15.38,332926
2010-09-24 16:00:00-04:00,15.58,15.75,15.5499,15.73,269110
2010-09-27 16:00:00-04:00,15.79,15.79,15.53,15.53,282809
2010-09-28 16:00:00-04:00,15.59,15.74,15.53,15.69,182668
2010-09-29 16:00:00-04:00,15.61,15.7895,15.61,15.73,179192
2010-09-30 16:00:00-04:00,15.88,15.92,15.68,15.72,219468
2010-10-01 16:00:00-04:00,15.82,15.94,15.79,15.91,218877
2010-10-04 16:00:00-04:00,15.83,15.87,15.55,15.7,341447
2010-10-05 16:00:00-04:00,15.79,16.11,15.76,16.09,271551
2010-10-06 16:00:00-04:00,16.01,16.13,16.01,16.0605,192906
2010-10-07 16:00:00-04:00,16.13,16.18,16.02,16.17,182443
2010-10-08 16:00:00-04:00,16.11,16.22,16.1,16.19,131268
2010-10-11 16:00:00-04:00,16.2,16.2485,16.07,16.1053,337784
2010-10-12 16:00:00-04:00,16.03,16.21,15.94,16.19,483280
2010-10-13 16:00:00-04:00,16.31,16.4,16.15,16.34,253979
2010-10-14 16:00:00-04:00,16.34,16.43,16.26,16.35,285370
2010-10-15 16:00:00-04:00,16.42,16.46,16.25,16.39,208021
2010-10-18 16:00:00-04:00,16.38,16.44,16.35,16.4,176469
2010-10-19 16:00:00-04:00,16.14,16.3,16.03,16.14,319805
2010-10-20 16:00:00-04:00,16.15,16.32,16.09,16.2201,162247
2010-10-21 16:00:00-04:00,16.26,16.39,16.1,16.24,248381
2010-10-22 16:00:00-04:00,16.32,16.32,16.2,16.26,162164
2010-10-25 16:00:00-04:00,16.3,16.381,16.2,16.3,177424
2010-10-26 16:00:00-04:00,16.24,16.38,16.19,16.38,160449
2010-10-27 16:00:00-04:00,16.29,16.44,16.25,16.4101,196549
2010-10-28 16:00:00-04:00,16.43,16.48,16.25,16.44,191990
2010-10-29 16:00:00-04:00,16.47,16.49,16.42,16.44,137131
2010-11-01 16:00:00-04:00,16.49,16.56,16.359,16.47,202049
2010-11-02 16:00:00-04:00,16.54,16.66,16.461,16.57,297281
2010-11-03 16:00:00-04:00,16.63,16.65,16.5,16.6,182473
2010-11-04 16:00:00-04:00,16.66,16.82,16.66,16.82,261471
2010-11-05 16:00:00-04:00,16.78,16.84,16.7,16.81,273702
2010-11-08 16:00:00-05:00,16.76,16.79,16.65,16.68,191722
2010-11-09 16:00:00-05:00,16.67,16.77,16.509,16.58,191190
2010-11-10 16:00:00-05:00,16.53,16.65,16.48,16.65,195369
2010-11-11 16:00:00-05:00,16.52,16.63,16.47,16.49,169498
2010-11-12 16:00:00-05:00,16.36,16.44,16.16,16.29,210677
2010-11-15 16:00:00-05:00,16.29,16.42,16.29,16.35,114718
2010-11-16 16:00:00-05:00,16.28,16.28,15.65,15.93,283300
2010-11-17 16:00:00-05:00,15.96,16.14,15.95,16.08,155069
2010-11-18 16:00:00-05:00,16.22,16.46,16.22,16.4199,175400
2010-11-19 16:00:00-05:00,16.25,16.25,16.06,16.13,188417
2010-11-22 16:00:00-05:00,16.05,16.2,16.01,16.1305,172076
2010-11-23 16:00:00-05:00,16.02,16.06,15.89,16.03,163055
2010-11-24 16:00:00-05:00,16.09,16.19,16.08,16.11,136411
2010-11-26 13:00:00-05:00,16.04,16.11,16.0,16.1,46298
2010-11-29 16:00:00-05:00,16.1,16.1,15.88,16.1,164101
2010-11-30 16:00:00-05:00,16.02,16.12,15.98,16.02,184194
2010-12-01 16:00:00-05:00,16.13,16.33,16.06,16.14,348315
2010-12-02 16:00:00-05:00,16.2,16.31,16.19,16.28,184568
2010-12-03 16:00:00-05:00,16.22,16.46,16.18,16.45,207939
2010-12-06 16:00:00-05:00,16.39,16.44,16.32,16.44,160513
2010-12-07 16:00:00-05:00,16.55,16.59,16.361,16.42,165047
2010-12-08 16:00:00-05:00,16.42,16.5,16.32,16.42,131019
2010-12-09 16:00:00-05:00,16.47,16.5,16.3,16.39,156242
2010-12-10 16:00:00-05:00,16.44,16.66,16.26,16.28,227107
2010-12-13 16:00:00-05:00,16.36,16.37,16.12,16.12,167898
2010-12-14 16:00:00-05:00,16.06,16.23,16.06,16.18,203323
2010-12-15 16:00:00-05:00,16.09,16.21,16.07,16.18,279495
2010-12-16 16:00:00-05:00,16.15,16.3,16.1,16.244,204832
2010-12-17 16:00:00-05:00,16.23,16.35,16.13,16.33,210586
2010-12-20 16:00:00-05:00,16.5,16.5,16.34,16.44,312860
2010-12-21 16:00:00-05:00,16.41,16.46,16.29,16.36,331848
2010-12-22 16:00:00-05:00,16.4,16.43,16.33,16.38,294846
2010-12-23 16:00:00-05:00,16.37,16.46,16.36,16.43,202589
2010-12-27 16:00:00-05:00,16.42,16.47,16.36,16.46,159853
2010-12-28 16:00:00-05:00,16.49,16.496,16.4,16.48,156758
2010-12-29 16:00:00-05:00,16.44,16.488,16.37,16.47,204674
2010-12-30 16:00:00-05:00,16.42,16.5,16.3636,16.479,297126
2010-12-31 16:00:00-05:00,16.6,16.6,16.441,16.55,168760
2011-01-03 16:00:00-05:00,16.59,16.75,16.55,16.74,209447
2011-01-04 16:00:00-05:00,16.72,16.73,16.52,16.63,227904
2011-01-05 16:00:00-05:00,16.57,16.7,16.5,16.7,227722
2011-01-06 16:00:00-05:00,16.73,16.75,16.65,16.7,254172
2011-01-07 16:00:00-05:00,16.72,16.74,16.6,16.68,223441
2011-01-10 16:00:00-05:00,16.66,16.75,16.62,16.73,168756
2011-01-11 16:00:00-05:00,16.74,16.85,16.71,16.83,234210
2011-01-12 16:00:00-05:00,16.89,17.0199,16.89,16.97,271153
2011-01-13 16:00:00-05:00,16.97,17.24,16.94,17.18,312698
2011-01-14 16:00:00-05:00,17.12,17.15,17.01,17.1,237237
2011-01-18 16:00:00-05:00,17.07,17.15,17.01,17.03,230511
2011-01-19 16:00:00-05:00,17.05,17.15,17.01,17.04,226277
2011-01-20 16:00:00-05:00,17.01,17.1,16.94,17.08,218785
2011-01-21 16:00:00-05:00,17.14,17.2233,17.1,17.14,193548
2011-01-24 16:00:00-05:00,17.15,17.208,17.11,17.168,179198
2011-01-25 16:00:00-05:00,17.17,17.21,17.06,17.2,177720
2011-01-26 16:00:00-05:00,17.18,17.33,17.18,17.3,199979
2011-01-27 16:00:00-05:00,17.3,17.35,17.16,17.24,195676
2011-01-28 16:00:00-05:00,17.29,17.29,16.96,17.03,212957
2011-01-31 16:00:00-05:00,17.01,17.1585,17.01,17.11,144134
2011-02-01 16:00:00-05:00,17.17,17.39,17.15,17.3,181973
2011-02-02 16:00:00-05:00,17.28,17.39,17.28,17.35,142722
2011-02-03 16:00:00-05:00,17.38,17.4398,17.265,17.39,149142
2011-02-04 16:00:00-05:00,17.43,17.44,17.28,17.3,158949
2011-02-07 16:00:00-05:00,17.3,17.38,17.3,17.3,169387
2011-02-08 16:00:00-05:00,17.3,17.56,17.29,17.56,200520
2011-02-09 16:00:00-05:00,17.48,17.49,17.31,17.45,219977
2011-02-10 16:00:00-05:00,17.41,17.43,17.31,17.35,138608
2011-02-11 16:00:00-05:00,17.32,17.54,17.3,17.53,168075
2011-02-14 16:00:00-05:00,17.54,17.75,17.49,17.73,144079
2011-02-15 16:00:00-05:00,17.63,17.83,17.63,17.83,160245
2011-02-16 16:00:00-05:00,17.8,17.86,17.71,17.75,145244
2011-02-17 16:00:00-05:00,17.74,17.81,17.7,17.75,131185
2011-02-18 16:00:00-05:00,17.72,17.7894,17.64,17.68,134563
2011-02-22 16:00:00-05:00,17.62,17.69,17.3901,17.44,253054
2011-02-23 16:00:00-05:00,17.45,17.64,17.27,17.39,307784
2011-02-24 16:00:00-05:00,17.33,17.5,17.2,17.34,183863
2011-02-25 16:00:00-05:00,17.51,17.56,17.47,17.56,140347
2011-02-28 16:00:00-05:00,17.66,17.81,17.64,17.81,181476
2011-03-01 16:00:00-05:00,17.86,17.86,17.56,17.61,174980
2011-03-02 16:00:00-05:00,17.53,17.74,17.53,17.6,194159
2011-03-03 16:00:00-05:00,17.66,17.85,17.66,17.67,246093
2011-03-04 16:00:00-05:00,17.68,17.72,17.55,17.67,113997
2011-03-07 16:00:00-05:00,17.73,17.77,17.45,17.6,161507
2011-03-08 16:00:00-05:00,17.7,17.7,17.57,17.65,139689
2011-03-09 16:00:00-05:00,17.65,17.69,17.56,17.63,92245
2011-03-10 16:00:00-05:00,17.58,17.58,17.41,17.42,145636
2011-03-11 16:00:00-05:00,17.37,17.61,17.3,17.58,139741
2011-03-14 16:00:00-04:00,17.54,17.55,17.37,17.55,111344
2011-03-15 16:00:00-04:00,17.06,17.3,17.05,17.2,251304
2011-03-16 16:00:00-04:00,17.16,17.22,16.67,16.75,275614
2011-03-17 16:00:00-04:00,16.91,17.04,16.73,16.88,221066
2011-03-18 16:00:00-04:00,17.04,17.14,17.01,17.08,161618
2011-03-21 16:00:00-04:00,17.29,17.42,17.219,17.36,192701
2011-03-22 16:00:00-04:00,17.27,17.31,17.08,17.23,145971
2011-03-23 16:00:00-04:00,17.14,17.28,17.12,17.27,110982
2011-03-24 16:00:00-04:00,17.3,17.4,17.24,17.35,159047
2011-03-25 16:00:00-04:00,17.37,17.5,17.31,17.44,126704
2011-03-28 16:00:00-04:00,17.48,17.49,17.37,17.43,106093
2011-03-29 16:00:00-04:00,17.44,17.56,17.38,17.56,105566
2011-03-30 16:00:00-04:00,17.68,17.83,17.68,17.79,181140
2011-03-31 16:00:00-04:00,17.85,17.88,17.62,17.6699,252999
2011-04-01 16:00:00-04:00,17.75,17.88,17.7,17.76,154957
2011-04-04 16:00:00-04:00,17.73,17.82,17.69,17.75,149235
2011-04-05 16:00:00-04:00,17.56,17.81,17.56,17.76,173941
2011-04-06 16:00:00-04:00,17.81,17.89,17.8,17.82,129442
2011-04-07 16:00:00-04:00,17.8,17.87,17.76,17.84,156733
2011-04-08 16:00:00-04:00,17.84,17.94,17.77,17.82,124151
2011-04-11 16:00:00-04:00,17.85,17.8797,17.65,17.74,145009
2011-04-12 16:00:00-04:00,17.66,17.66,17.45,17.55,184497
2011-04-13 16:00:00-04:00,17.62,17.68,17.48,17.58,157589
2011-04-14 16:00:00-04:00,17.46,17.62,17.42,17.55,125525
2011-04-15 16:00:00-04:00,17.62,17.68,17.58,17.63,149533
2011-04-18 16:00:00-04:00,17.47,17.48,17.35,17.44,180039
2011-04-19 16:00:00-04:00,17.35,17.43,17.35,17.4,156816
2011-04-20 16:00:00-04:00,17.57,17.87,17.55,17.69,194442
2011-04-21 16:00:00-04:00,17.7,17.829,17.69,17.72,165639
2011-04-25 16:00:00-04:00,17.67,17.75,17.66,17.71,160638
2011-04-26 16:00:00-04:00,17.79,17.89,17.7502,17.84,125995
2011-04-27 16:00:00-04:00,17.83,17.99,17.79,17.99,116998
2011-04-28 16:00:00-04:00,17.88,18.1,17.87,18.1,125772
2011-04-29 16:00:00-04:00,18.19,18.21,18.07,18.13,195777
2011-05-02 16:00:00-04:00,18.16,18.19,18.02,18.05,123194
2011-05-03 16:00:00-04:00,17.96,18.0,17.84,17.93,137785
2011-05-04 16:00:00-04:00,17.93,17.93,17.7,17.74,176002
2011-05-05 16:00:00-04:00,17.58,17.58,17.33,17.39,209010
2011-05-06 16:00:00-04:00,17.53,17.66,17.41,17.45,175690
2011-05-09 16:00:00-04:00,17.51,17.62,17.458,17.61,111049
2011-05-10 16:00:00-04:00,17.71,17.85,17.65,17.8499,149123
2011-05-11 16:00:00-04:00,17.77,17.78,17.56,17.62,109889
2011-05-12 16:00:00-04:00,17.53,17.74,17.52,17.74,116836
2011-05-13 16:00:00-04:00,17.73,17.74,17.45,17.63,129281
2011-05-16 16:00:00-04:00,17.57,17.69,17.39,17.5,110167
2011-05-17 16:00:00-04:00,17.44,17.5073,17.35,17.46,130258
2011-05-18 16:00:00-04:00,17.46,17.6,17.46,17.57,123125
2011-05-19 16:00:00-04:00,17.63,17.67,17.54,17.62,149899
2011-05-20 16:00:00-04:00,17.53,17.56,17.4,17.43,169843
2011-05-23 16:00:00-04:00,17.14,17.3,17.08,17.19,225120
2011-05-24 16:00:00-04:00,17.22,17.3,17.18,17.18,183670
2011-05-25 16:00:00-04:00,17.18,17.32,17.15,17.27,161823
2011-05-26 16:00:00-04:00,17.26,17.44,17.23,17.43,141905
2011-05-27 16:00:00-04:00,17.46,17.57,17.42,17.57,147988
2011-05-31 16:00:00-04:00,17.68,17.7301,17.59,17.71,161233
2011-06-01 16:00:00-04:00,17.66,17.7,17.378,17.39,139033
2011-06-02 16:00:00-04:00,17.34,17.46,17.31,17.38,140201
2011-06-03 16:00:00-04:00,17.17,17.37,17.17,17.31,142504
2011-06-06 16:00:00-04:00,17.24,17.28,17.11,17.15,147844
2011-06-07 16:00:00-04:00,17.21,17.27,17.13,17.14,155033
2011-06-08 16:00:00-04:00,17.08,17.12,16.9,16.95,180388
2011-06-09 16:00:00-04:00,16.95,17.2,16.9306,17.11,118365
2011-06-10 16:00:00-04:00,17.1,17.1,16.739,16.85,241491
2011-06-13 16:00:00-04:00,16.87,16.94,16.74,16.8,115334
2011-06-14 16:00:00-04:00,17.0,17.12,16.98,17.11,101759
2011-06-15 16:00:00-04:00,16.89,16.91,16.62,16.69,226700
2011-06-16 16:00:00-04:00,16.73,16.75,16.44,16.55,220322
2011-06-17 16:00:00-04:00,16.74,16.78,16.65,16.72,140308
2011-06-20 16:00:00-04:00,16.39,16.8,16.39,16.78,103721
2011-06-21 16:00:00-04:00,16.75,16.95,16.7335,16.89,148086
2011-06-22 16:00:00-04:00,16.87,16.97,16.67,16.73,199093
2011-06-23 16:00:00-04:00,16.53,16.7,16.4,16.7,174631
2011-06-24 16:00:00-04:00,16.7,16.71,16.46,16.54,179235
2011-06-27 16:00:00-04:00,16.6,16.75,16.47,16.71,176913
2011-06-28 16:00:00-04:00,16.71,16.9,16.71,16.9,140812
2011-06-29 16:00:00-04:00,16.99,17.13,16.9,17.12,210038
2011-06-30 16:00:00-04:00,17.16,17.35,17.16,17.3,176660
2011-07-01 16:00:00-04:00,17.26,17.49,17.17,17.49,162902
2011-07-05 16:00:00-04:00,17.38,17.46,17.34,17.44,119339
2011-07-06 16:00:00-04:00,17.43,17.44,17.26,17.42,169299
2011-07-07 16:00:00-04:00,17.5,17.61,17.48,17.59,201016
2011-07-08 16:00:00-04:00,17.38,17.45,17.33,17.39,157606
2011-07-11 16:00:00-04:00,17.22,17.24,17.04,17.09,188575
2011-07-12 16:00:00-04:00,17.01,17.14,17.0,17.05,141293
2011-07-13 16:00:00-04:00,17.17,17.3399,17.11,17.19,294084
2011-07-14 16:00:00-04:00,17.25,17.31,17.048,17.07,171046
2011-07-15 16:00:00-04:00,17.15,17.19,17.036,17.15,164924
2011-07-18 16:00:00-04:00,17.05,17.05,16.85,16.95,192291
2011-07-19 16:00:00-04:00,17.0,17.16,17.0,17.14,133654
2011-07-20 16:00:00-04:00,17.08,17.13,17.01,17.08,184588
2011-07-21 16:00:00-04:00,17.11,17.34,17.11,17.28,195946
2011-07-22 16:00:00-04:00,17.28,17.3299,17.24,17.31,142302
2011-07-25 16:00:00-04:00,17.14,17.27,17.08,17.14,200586
2011-07-26 16:00:00-04:00,17.16,17.17,16.98,17.14,287767
2011-07-27 16:00:00-04:00,17.07,17.07,16.74,16.79,222660
2011-07-28 16:00:00-04:00,16.76,16.84,16.676,16.72,188370
2011-07-29 16:00:00-04:00,16.53,16.65,16.37,16.51,282557
2011-08-01 16:00:00-04:00,16.84,16.85,16.38,16.49,270515
2011-08-02 16:00:00-04:00,16.36,16.5399,16.14,16.17,226320
2011-08-03 16:00:00-04:00,16.16,16.3,15.73,16.3,430961
2011-08-04 16:00:00-04:00,15.95,16.1,15.31,15.3929,597164
2011-08-05 16:00:00-04:00,15.59,15.67,14.84,15.4,583633
2011-08-08 16:00:00-04:00,14.98,14.98,13.36,13.82,965496
2011-08-09 16:00:00-04:00,13.9,14.49,13.36,14.48,585862
2011-08-10 16:00:00-04:00,14.05,14.43,14.0,14.05,255479
2011-08-11 16:00:00-04:00,14.14,14.93,14.045,14.72,286882
2011-08-12 16:00:00-04:00,14.88,15.08,14.77,14.94,214916
2011-08-15 16:00:00-04:00,15.02,15.35,15.02,15.35,142157
2011-08-16 16:00:00-04:00,15.23,15.34,15.0,15.16,157615
2011-08-17 16:00:00-04:00,15.29,15.34,15.01,15.18,153518
2011-08-18 16:00:00-04:00,14.93,14.93,14.5,14.629,264064
2011-08-19 16:00:00-04:00,14.52,14.72,14.3,14.37,212295
2011-08-22 16:00:00-04:00,14.63,14.65,13.99,14.03,267523
2011-08-23 16:00:00-04:00,14.17,14.58,13.99,14.56,266069
2011-08-24 16:00:00-04:00,14.51,14.77,14.44,14.75,183977
2011-08-25 16:00:00-04:00,14.9,14.9,14.41,14.59,208661
2011-08-26 16:00:00-04:00,14.53,14.78,14.29,14.72,212806
2011-08-29 16:00:00-04:00,14.94,15.05,14.861,15.02,212831
2011-08-30 16:00:00-04:00,14.88,15.1,14.84,15.07,190351
2011-08-31 16:00:00-04:00,15.22,15.35,15.08,15.16,261766
2011-09-01 16:00:00-04:00,15.18,15.27,15.01,15.11,201334
2011-09-02 16:00:00-04:00,14.86,14.93,14.74,14.83,152635
2011-09-06 16:00:00-04:00,14.5,14.6,14.17,14.56,262032
2011-09-07 16:00:00-04:00,14.8,14.98,14.72,14.98,183232
2011-09-08 16:00:00-04:00,14.92,14.99,14.76,14.8,103852
2011-09-09 16:00:00-04:00,14.68,14.68,14.34,14.47,191210
2011-09-12 16:00:00-04:00,14.23,14.5246,14.2,14.51,241142
2011-09-13 16:00:00-04:00,14.5,14.562,14.33,14.48,264359
2011-09-14 16:00:00-04:00,14.52,14.8,14.36,14.65,204960
2011-09-15 16:00:00-04:00,14.73,14.88,14.69,14.86,167238
2011-09-16 16:00:00-04:00,14.89,15.0,14.81,14.9,148133
2011-09-19 16:00:00-04:00,14.71,14.72,14.49,14.7,149493
2011-09-20 16:00:00-04:00,14.78,14.892,14.66,14.71,155650
2011-09-21 16:00:00-04:00,14.56,14.6,14.19,14.2,144404
2011-09-22 16:00:00-04:00,13.76,13.86,13.5,13.74,357833
2011-09-23 16:00:00-04:00,13.68,13.81,13.63,13.76,209911
2011-09-26 16:00:00-04:00,13.77,13.98,13.65,13.96,198182
2011-09-27 16:00:00-04:00,14.33,14.47,14.151,14.21,256614
2011-09-28 16:00:00-04:00,14.28,14.28,13.901,13.92,142780
2011-09-29 16:00:00-04:00,14.14,14.29,13.87,14.05,241258
2011-09-30 16:00:00-04:00,13.92,13.94,13.61,13.67,280455
2011-10-03 16:00:00-04:00,13.6,13.66,13.18,13.19,377427
2011-10-04 16:00:00-04:00,13.03,13.37,12.64,13.24,399563
2011-10-05 16:00:00-04:00,13.18,13.65,13.18,13.63,241806
2011-10-06 16:00:00-04:00,13.62,13.85,13.48,13.85,182940
2011-10-07 16:00:00-04:00,13.95,13.98,13.7,13.81,169191
2011-10-10 16:00:00-04:00,14.03,14.2,13.97,14.18,167751
2011-10-11 16:00:00-04:00,14.17,14.22,13.95,14.15,138477
2011-10-12 16:00:00-04:00,14.24,14.44,14.23,14.29,191521
2011-10-13 16:00:00-04:00,14.2,14.35,14.07,14.32,147191
2011-10-14 16:00:00-04:00,14.49,14.55,14.4,14.55,154236
2011-10-17 16:00:00-04:00,14.47,14.47,14.2,14.2,114332
2011-10-18 16:00:00-04:00,14.24,14.55,14.1,14.5,145971
2011-10-19 16:00:00-04:00,14.35,14.56,14.304,14.35,250887
2011-10-20 16:00:00-04:00,14.27,14.31,14.078,14.31,164315
2011-10-21 16:00:00-04:00,14.54,14.63,14.48,14.63,192686
2011-10-24 16:00:00-04:00,14.68,14.85,14.64,14.78,223265
2011-10-25 16:00:00-04:00,14.6,14.7,14.51,14.53,184760
2011-10-26 16:00:00-04:00,14.75,14.803,14.51,14.78,228573
2011-10-27 16:00:00-04:00,15.2,15.4,15.12,15.21,344651
2011-10-28 16:00:00-04:00,15.05,15.31,15.05,15.31,286932
2011-10-31 16:00:00-04:00,15.19,15.19,14.95,14.96,223085
2011-11-01 16:00:00-04:00,14.42,14.72,14.39,14.59,198821
2011-11-02 16:00:00-04:00,14.77,14.86,14.7101,14.83,174727
2011-11-03 16:00:00-04:00,14.96,15.02,14.78,14.97,192118
2011-11-04 16:00:00-04:00,14.82,14.88,14.71,14.8,193965
2011-11-07 16:00:00-05:00,14.8,14.88,14.68,14.85,160668
2011-11-08 16:00:00-05:00,14.91,15.08,14.83,15.08,148277
2011-11-09 16:00:00-05:00,14.66,14.77,14.52,14.6,223854
2011-11-10 16:00:00-05:00,14.79,14.85,14.608,14.74,225601
2011-11-11 16:00:00-05:00,14.88,15.0,14.8604,14.98,163363
2011-11-14 16:00:00-05:00,14.9,14.93,14.75,14.84,147014
2011-11-15 16:00:00-05:00,14.73,14.89,14.7,14.84,218042
2011-11-16 16:00:00-05:00,14.7,14.8999,14.67,14.7,165857
2011-11-17 16:00:00-05:00,14.72,14.72,14.38,14.45,216445
2011-11-18 16:00:00-05:00,14.54,14.57,14.4601,14.5236,170949
2011-11-21 16:00:00-05:00,14.22,14.23,14.02,14.1,232283
2011-11-22 16:00:00-05:00,14.11,14.16,14.05,14.1,158842
2011-11-23 16:00:00-05:00,13.98,14.0,13.82,13.85,192216
2011-11-25 13:00:00-05:00,13.85,13.98,13.79,13.84,102746
2011-11-28 16:00:00-05:00,14.2,14.27,13.99,14.04,167826
2011-11-29 16:00:00-05:00,14.07,14.196,14.0339,14.0737,176504
2011-11-30 16:00:00-05:00,14.54,14.64,14.37,14.48,292046
2011-12-01 16:00:00-05:00,14.52,14.65,14.5,14.65,274239
2011-12-02 16:00:00-05:00,14.76,14.78,14.58,14.59,424712
2011-12-05 16:00:00-05:00,14.7,14.89,14.7,14.86,269828
2011-12-06 16:00:00-05:00,14.86,14.96,14.69,14.96,305947
2011-12-07 16:00:00-05:00,14.87,14.92,14.77,14.86,328972
2011-12-08 16:00:00-05:00,14.71,14.76,14.55,14.59,191264
2011-12-09 16:00:00-05:00,14.61,14.8185,14.61,14.74,187500
2011-12-12 16:00:00-05:00,14.57,14.58,14.37,14.47,149536
2011-12-13 16:00:00-05:00,14.5,14.64,14.38,14.47,240945
2011-12-14 16:00:00-05:00,14.36,14.47,14.26,14.35,181452
2011-12-15 16:00:00-05:00,14.44,14.52,14.36,14.37,239179
2011-12-16 16:00:00-05:00,14.41,14.5,14.32,14.48,212447
2011-12-19 16:00:00-05:00,14.5,14.58,14.36,14.37,248355
2011-12-20 16:00:00-05:00,14.54,14.69,14.54,14.65,244822
2011-12-21 16:00:00-05:00,14.56,14.63,14.43,14.56,257189
2011-12-22 16:00:00-05:00,14.56,14.67,14.54,14.63,231229
2011-12-23 16:00:00-05:00,14.64,14.71,14.62,14.7,201121
2011-12-27 16:00:00-05:00,14.64,14.83,14.64,14.83,315852
2011-12-28 16:00:00-05:00,14.72,14.72,14.42,14.45,307284
2011-12-29 16:00:00-05:00,14.44,14.58,14.42,14.58,530341
2011-12-30 16:00:00-05:00,14.63,14.66,14.5401,14.6,324297
2012-01-03 16:00:00-05:00,14.89,14.89,14.75,14.79,235005
2012-01-04 16:00:00-05:00,14.61,14.84,14.58,14.83,253901
2012-01-05 16:00:00-05:00,14.72,15.0,14.66,15.0,251241
2012-01-06 16:00:00-05:00,14.95,15.2,14.94,15.15,237568
2012-01-09 16:00:00-05:00,15.19,15.28,15.17,15.24,211660
2012-01-10 16:00:00-05:00,15.45,15.48,15.38,15.44,210212
2012-01-11 16:00:00-05:00,15.4,15.43,15.33,15.43,236882
2012-01-12 16:00:00-05:00,15.42,15.49,15.36,15.41,238192
2012-01-13 16:00:00-05:00,15.35,15.36,15.24,15.34,255978
2012-01-17 16:00:00-05:00,15.44,15.5,15.36,15.36,257693
2012-01-18 16:00:00-05:00,15.31,15.49,15.31,15.43,278666
2012-01-19 16:00:00-05:00,15.48,15.67,15.4703,15.67,236357
2012-01-20 16:00:00-05:00,15.63,15.7,15.61,15.7,211394
2012-01-23 16:00:00-05:00,15.72,15.85,15.69,15.81,222143
2012-01-24 16:00:00-05:00,15.74,15.8,15.66,15.72,233130
2012-01-25 16:00:00-05:00,15.73,15.91,15.64,15.91,260043
2012-01-26 16:00:00-05:00,15.91,15.96,15.81,15.86,152156
2012-01-27 16:00:00-05:00,15.79,15.87,15.78,15.83,147868
2012-01-30 16:00:00-05:00,15.7,15.85,15.56,15.85,277314
2012-01-31 16:00:00-05:00,16.01,16.06,15.74,15.78,249221
2012-02-01 16:00:00-05:00,15.94,16.0,15.89,16.0,272998
2012-02-02 16:00:00-05:00,15.98,16.1799,15.93,16.15,252822
2012-02-03 16:00:00-05:00,16.25,16.35,16.23,16.32,193284
2012-02-06 16:00:00-05:00,16.3,16.31,16.12,16.14,425431
2012-02-07 16:00:00-05:00,16.14,16.23,16.14,16.2,320922
2012-02-08 16:00:00-05:00,16.24,16.33,16.22,16.33,234069
2012-02-09 16:00:00-05:00,16.36,16.43,16.32,16.43,237258
2012-02-10 16:00:00-05:00,16.24,16.29,16.11,16.18,295887
2012-02-13 16:00:00-05:00,16.35,16.38,16.24,16.28,253940
2012-02-14 16:00:00-05:00,16.21,16.26,16.14,16.2,217195
2012-02-15 16:00:00-05:00,16.29,16.37,16.24,16.27,256815
2012-02-16 16:00:00-05:00,16.31,16.5,16.29,16.45,228378
2012-02-17 16:00:00-05:00,16.43,16.43,16.36,16.39,222718
2012-02-21 16:00:00-05:00,16.47,16.49,16.34,16.4,136938
2012-02-22 16:00:00-05:00,16.42,16.43,16.21,16.26,181963
2012-02-23 16:00:00-05:00,16.21,16.31,16.18,16.28,187597
2012-02-24 16:00:00-05:00,16.38,16.5,16.3537,16.5,173695
2012-02-27 16:00:00-05:00,16.43,16.5,16.25,16.4,190772
2012-02-28 16:00:00-05:00,16.36,16.44,16.32,16.44,316399
2012-02-29 16:00:00-05:00,16.48,16.5,16.355,16.362,191959
2012-03-01 16:00:00-05:00,16.41,16.52,16.41,16.48,203845
2012-03-02 16:00:00-05:00,16.45,16.48,16.39,16.39,188800
2012-03-05 16:00:00-05:00,16.42,16.4326,16.3248,16.42,200497
2012-03-06 16:00:00-05:00,16.17,16.21,16.03,16.08,221759
2012-03-07 16:00:00-05:00,16.14,16.25,16.14,16.25,168745
2012-03-08 16:00:00-05:00,16.46,16.5,16.36,16.48,180166
2012-03-09 16:00:00-05:00,16.48,16.54,16.4636,16.52,120196
2012-03-12 16:00:00-04:00,16.54,16.57,16.43,16.57,155622
2012-03-13 16:00:00-04:00,16.6,16.7,16.599,16.7,265384
2012-03-14 16:00:00-04:00,16.7,16.78,16.6,16.65,226015
2012-03-15 16:00:00-04:00,16.69,16.84,16.64,16.8,222830
2012-03-16 16:00:00-04:00,16.81,16.89,16.8,16.86,148964
2012-03-19 16:00:00-04:00,16.8,16.93,16.78,16.93,151381
2012-03-20 16:00:00-04:00,16.93,16.93,16.69,16.86,157351
2012-03-21 16:00:00-04:00,16.88,16.88,16.71,16.81,154224
2012-03-22 16:00:00-04:00,16.74,16.74,16.65,16.73,88607
2012-03-23 16:00:00-04:00,16.74,16.74,16.67,16.71,100068
2012-03-26 16:00:00-04:00,16.78,16.8,16.7,16.8,149975
2012-03-27 16:00:00-04:00,16.8,16.855,16.76,16.85,194995
2012-03-28 16:00:00-04:00,16.87,16.88,16.7252,16.83,146255
2012-03-29 16:00:00-04:00,16.78,16.8,16.72,16.77,140748
2012-03-30 16:00:00-04:00,16.87,16.89,16.71,16.73,205265
2012-04-02 16:00:00-04:00,16.72,16.89,16.7,16.86,148467
2012-04-03 16:00:00-04:00,16.86,16.88,16.73,16.79,154136
2012-04-04 16:00:00-04:00,16.67,16.69,16.56,16.64,138814
2012-04-05 16:00:00-04:00,16.56,16.62,16.55,16.56,150394
2012-04-09 16:00:00-04:00,16.42,16.43,16.33,16.43,173806
2012-04-10 16:00:00-04:00,16.36,16.42,16.16,16.23,167392
2012-04-11 16:00:00-04:00,16.31,16.34,16.22,16.22,161542
2012-04-12 16:00:00-04:00,16.2,16.35,16.2,16.35,154216
2012-04-13 16:00:00-04:00,16.24,16.28,16.17,16.2,179037
2012-04-16 16:00:00-04:00,16.23,16.28,16.16,16.23,184432
2012-04-17 16:00:00-04:00,16.3,16.45,16.3,16.45,125066
2012-04-18 16:00:00-04:00,16.4,16.45,16.38,16.44,116135
2012-04-19 16:00:00-04:00,16.35,16.35,16.2,16.27,144682
2012-04-20 16:00:00-04:00,16.35,16.35,16.24,16.27,94306
2012-04-23 16:00:00-04:00,16.15,16.2,16.08,16.2,97219
2012-04-24 16:00:00-04:00,16.2,16.23,16.16,16.23,155976
2012-04-25 16:00:00-04:00,16.35,16.44,16.35,16.39,103358
2012-04-26 16:00:00-04:00,16.37,16.58,16.368,16.58,134927
2012-04-27 16:00:00-04:00,16.64,16.69,16.56,16.69,153083
2012-04-30 16:00:00-04:00,16.7,16.7,16.52,16.6,168282
2012-05-01 16:00:00-04:00,16.6,16.6899,16.55,16.63,94433
2012-05-02 16:00:00-04:00,16.59,16.669,16.57,16.66,158964
2012-05-03 16:00:00-04:00,16.67,16.67,16.51,16.55,117584
2012-05-04 16:00:00-04:00,16.49,16.49,16.33,16.42,129503
2012-05-07 16:00:00-04:00,16.37,16.47,16.36,16.45,137726
2012-05-08 16:00:00-04:00,16.41,16.42,16.22,16.36,172135
2012-05-09 16:00:00-04:00,16.25,16.28,16.14,16.23,123641
2012-05-10 16:00:00-04:00,16.29,16.32,16.2,16.24,103462
2012-05-11 16:00:00-04:00,16.2,16.4399,16.2,16.27,190393
2012-05-14 16:00:00-04:00,16.18,16.21,16.0,16.0,209778
2012-05-15 16:00:00-04:00,16.02,16.07,15.86,15.87,223353
2012-05-16 16:00:00-04:00,15.92,16.04,15.72,15.72,168131
2012-05-17 16:00:00-04:00,15.7,15.73,15.48,15.49,204459
2012-05-18 16:00:00-04:00,15.52,15.59,15.42,15.48,150736
2012-05-21 16:00:00-04:00,15.59,15.68,15.52,15.68,121717
2012-05-22 16:00:00-04:00,15.63,15.64,15.43,15.48,174260
2012-05-23 16:00:00-04:00,15.43,15.5,15.27,15.5,172652
2012-05-24 16:00:00-04:00,15.58,15.58,15.37,15.44,164525
2012-05-25 16:00:00-04:00,15.49,15.71,15.49,15.71,134197
2012-05-29 16:00:00-04:00,15.76,15.85,15.55,15.61,304204
2012-05-30 16:00:00-04:00,15.53,15.53,15.37,15.51,170326
2012-05-31 16:00:00-04:00,15.59,15.63,15.37,15.5,164119
2012-06-01 16:00:00-04:00,14.97,15.39,14.97,15.13,243882
2012-06-04 16:00:00-04:00,15.1,15.13,14.84,14.93,288478
2012-06-05 16:00:00-04:00,14.93,15.1,14.87,15.06,177508
2012-06-06 16:00:00-04:00,15.12,15.36,15.12,15.34,152222
2012-06-07 16:00:00-04:00,15.47,15.486,15.321,15.37,159057
2012-06-08 16:00:00-04:00,15.3,15.4257,15.19,15.4,109848
2012-06-11 16:00:00-04:00,15.48,15.5,15.37,15.37,140314
2012-06-12 16:00:00-04:00,15.38,15.469,15.35,15.41,94853
2012-06-13 16:00:00-04:00,15.41,15.5,15.33,15.36,140602
2012-06-14 16:00:00-04:00,15.41,15.64,15.381,15.61,210254
2012-06-15 16:00:00-04:00,15.72,15.87,15.62,15.85,225056
2012-06-18 16:00:00-04:00,15.79,16.04,15.72,15.96,164655
2012-06-19 16:00:00-04:00,16.05,16.12,15.94,16.09,183757
2012-06-20 16:00:00-04:00,16.03,16.21,15.9792,16.1,202810
2012-06-21 16:00:00-04:00,16.16,16.21,15.76,15.76,149073
2012-06-22 16:00:00-04:00,15.85,15.95,15.81,15.87,108956
2012-06-25 16:00:00-04:00,15.75,15.78,15.67,15.68,143227
2012-06-26 16:00:00-04:00,15.76,15.81,15.67,15.72,168129
2012-06-27 16:00:00-04:00,15.78,15.8,15.68,15.72,187295
2012-06-28 16:00:00-04:00,15.68,15.8,15.6,15.8,175733
2012-06-29 16:00:00-04:00,16.11,16.119,15.91,15.98,322353
2012-07-02 16:00:00-04:00,15.96,16.15,15.92,16.13,186524
2012-07-03 13:00:00-04:00,16.16,16.25,16.08,16.16,188738
2012-07-05 16:00:00-04:00,16.13,16.2899,16.0703,16.28,88913
2012-07-06 16:00:00-04:00,16.08,16.23,16.02,16.18,161844
2012-07-09 16:00:00-04:00,16.14,16.2035,16.07,16.18,124704
2012-07-10 16:00:00-04:00,16.25,16.33,16.1389,16.18,149818
2012-07-11 16:00:00-04:00,16.15,16.21,16.06,16.13,131425
2012-07-12 16:00:00-04:00,16.05,16.11,15.93,15.97,232636
2012-07-13 16:00:00-04:00,15.96,16.23,15.96,16.23,120993
2012-07-16 16:00:00-04:00,16.25,16.3,16.19,16.3,127649
2012-07-17 16:00:00-04:00,16.33,16.42,16.21,16.38,148418
2012-07-18 16:00:00-04:00,16.37,16.48,16.36,16.46,166739
2012-07-19 16:00:00-04:00,16.5,16.57,16.43,16.56,139537
2012-07-20 16:00:00-04:00,16.43,16.46,16.2865,16.34,143322
2012-07-23 16:00:00-04:00,16.21,16.35,16.13,16.35,139178
2012-07-24 16:00:00-04:00,16.41,16.41,16.1402,16.2461,142633
2012-07-25 16:00:00-04:00,16.33,16.38,16.24,16.33,156355
2012-07-26 16:00:00-04:00,16.48,16.55,16.43,16.5,102710
2012-07-27 16:00:00-04:00,16.51,16.58,16.5,16.51,199430
2012-07-30 16:00:00-04:00,16.5,16.6,16.4348,16.52,124170
2012-07-31 16:00:00-04:00,16.53,16.57,16.4,16.51,172538
2012-08-01 16:00:00-04:00,16.59,16.48,16.48,16.48,700
2012-08-02 16:00:00-04:00,16.4,16.52,16.37,16.41,146227
2012-08-03 16:00:00-04:00,16.58,16.6315,16.5,16.5,169859
2012-08-06 16:00:00-04:00,16.52,16.57,16.51,16.53,84829
2012-08-07 16:00:00-04:00,16.58,16.74,16.5631,16.74,170089
2012-08-08 16:00:00-04:00,16.71,16.75,16.63,16.67,129651
2012-08-09 16:00:00-04:00,16.68,16.83,16.68,16.77,110660
2012-08-10 16:00:00-04:00,16.71,16.78,16.71,16.78,90158
2012-08-13 16:00:00-04:00,16.72,16.77,16.65,16.75,134251
2012-08-14 16:00:00-04:00,16.82,16.9,16.74,16.9,193018
2012-08-15 16:00:00-04:00,16.87,16.91,16.81,16.85,139622
2012-08-16 16:00:00-04:00,16.89,17.0,16.82,16.97,166440
2012-08-17 16:00:00-04:00,17.0,17.01,16.87,16.91,148389
2012-08-20 16:00:00-04:00,17.0,17.03,16.934,16.96,159250
2012-08-21 16:00:00-04:00,17.06,17.17,16.86,16.93,205729
2012-08-22 16:00:00-04:00,16.86,16.87,16.77,16.78,136950
2012-08-23 16:00:00-04:00,16.74,16.83,16.53,16.57,190056
2012-08-24 16:00:00-04:00,16.62,16.6899,16.46,16.58,154318
2012-08-27 16:00:00-04:00,16.7,16.75,16.54,16.59,142333
2012-08-28 16:00:00-04:00,16.59,16.79,16.59,16.79,190418
2012-08-29 16:00:00-04:00,16.83,16.84,16.77,16.81,146297
2012-08-30 16:00:00-04:00,16.77,16.78,16.62,16.68,146362
2012-08-31 16:00:00-04:00,16.76,16.7899,16.57,16.596,157587
2012-09-04 16:00:00-04:00,16.6617,16.79,16.62,16.79,191234
2012-09-05 16:00:00-04:00,16.79,16.9,16.74,16.9,215903
2012-09-06 16:00:00-04:00,16.91,17.06,16.89,16.9,163553
2012-09-07 16:00:00-04:00,16.96,17.08,16.87,16.92,198672
2012-09-10 16:00:00-04:00,16.94,16.98,16.81,16.81,121558
2012-09-11 16:00:00-04:00,16.87,16.99,16.8687,16.96,117345
2012-09-12 16:00:00-04:00,16.96,17.0,16.89,16.94,149446
2012-09-13 16:00:00-04:00,16.96,17.12,16.93,17.1,201122
2012-09-14 16:00:00-04:00,17.15,17.24,17.14,17.22,228922
2012-09-17 16:00:00-04:00,17.17,17.19,17.1,17.14,160144
2012-09-18 16:00:00-04:00,17.12,17.28,17.09,17.28,170273
2012-09-19 16:00:00-04:00,17.22,17.24,17.115,17.2,156666
2012-09-20 16:00:00-04:00,17.17,17.21,17.09,17.16,154928
2012-09-21 16:00:00-04:00,17.21,17.24,17.11,17.14,151292
2012-09-24 16:00:00-04:00,17.1,17.24,17.02,17.11,175995
2012-09-25 16:00:00-04:00,17.19,17.28,17.14,17.15,204912
2012-09-26 16:00:00-04:00,17.16,17.22,16.94,16.98,211139
2012-09-27 16:00:00-04:00,17.05,17.14,17.01,17.13,138167
2012-09-28 16:00:00-04:00,17.15,17.18,17.04,17.11,148040
2012-10-01 16:00:00-04:00,17.14,17.27,17.14,17.26,162399
2012-10-02 16:00:00-04:00,17.27,17.32,17.2001,17.25,131749
2012-10-03 16:00:00-04:00,17.22,17.333,17.2,17.25,155118
2012-10-04 16:00:00-04:00,17.25,17.31,17.19,17.28,186920
2012-10-05 16:00:00-04:00,17.35,17.46,17.34,17.46,140220
2012-10-08 16:00:00-04:00,17.42,17.5,17.39,17.5,116458
2012-10-09 16:00:00-04:00,17.5,17.59,17.34,17.39,166361
2012-10-10 16:00:00-04:00,17.38,17.38,17.2109,17.29,165049
2012-10-11 16:00:00-04:00,17.38,17.49,17.38,17.43,131788
2012-10-12 16:00:00-04:00,17.49,17.51,17.33,17.38,116293
2012-10-15 16:00:00-04:00,17.38,17.4,17.3054,17.39,138291
2012-10-16 16:00:00-04:00,17.45,17.6,17.44,17.58,125124
2012-10-17 16:00:00-04:00,17.62,17.719,17.49,17.59,152399
2012-10-18 16:00:00-04:00,17.58,17.66,17.561,17.63,123117
2012-10-19 16:00:00-04:00,17.63,17.63,17.28,17.31,149949
2012-10-22 16:00:00-04:00,17.21,17.32,17.05,17.17,154542
2012-10-23 16:00:00-04:00,17.09,17.12,16.93,17.03,182352
2012-10-24 16:00:00-04:00,17.07,17.25,17.07,17.17,151290
2012-10-25 16:00:00-04:00,17.23,17.33,17.1601,17.23,128765
2012-10-26 16:00:00-04:00,17.24,17.3,17.06,17.13,148588
2012-10-31 16:00:00-04:00,17.24,17.2999,17.0804,17.09,170705
2012-11-01 16:00:00-04:00,17.15,17.38,17.14,17.32,141783
2012-11-02 16:00:00-04:00,17.45,17.53,17.37,17.37,209897
2012-11-05 16:00:00-05:00,17.35,17.36,17.13,17.14,197933
2012-11-06 16:00:00-05:00,17.16,17.5,17.16,17.46,207050
2012-11-07 16:00:00-05:00,17.34,17.34,17.05,17.13,202089
2012-11-08 16:00:00-05:00,17.13,17.17,16.9,16.91,192338
2012-11-09 16:00:00-05:00,16.88,16.89,16.56,16.71,251103
2012-11-12 16:00:00-05:00,16.78,16.95,16.61,16.67,173055
2012-11-13 16:00:00-05:00,16.64,16.79,16.56,16.7,211135
2012-11-14 16:00:00-05:00,16.75,16.75,16.25,16.3,203898
2012-11-15 16:00:00-05:00,16.18,16.2,15.36,15.96,501209
2012-11-16 16:00:00-05:00,15.89,16.19,15.73,16.14,211343
2012-11-19 16:00:00-05:00,16.36,16.6,16.3,16.48,216031
2012-11-20 16:00:00-05:00,16.26,16.53,16.18,16.52,199011
2012-11-21 16:00:00-05:00,16.59,16.74,16.495,16.65,131884
2012-11-23 13:00:00-05:00,16.68,16.9,16.68,16.88,50816
2012-11-26 16:00:00-05:00,16.82,16.85,16.64,16.69,159986
2012-11-27 16:00:00-05:00,16.72,16.9,16.62,16.77,189527
2012-11-28 16:00:00-05:00,16.68,16.81,16.51,16.63,188769
2012-11-29 16:00:00-05:00,16.7,16.89,16.7,16.7601,181625
2012-11-30 16:00:00-05:00,16.8,16.9,16.771,16.9,177484
2012-12-03 16:00:00-05:00,16.9,16.9,16.75,16.75,156612
2012-12-04 16:00:00-05:00,16.71,16.73,16.61,16.61,152630
2012-12-05 16:00:00-05:00,16.59,16.65,16.49,16.53,180990
2012-12-06 16:00:00-05:00,16.5,16.65,16.46,16.61,213651
2012-12-07 16:00:00-05:00,16.63,16.65,16.53,16.6,150606
2012-12-10 16:00:00-05:00,16.54,16.7,16.54,16.64,193791
2012-12-11 16:00:00-05:00,16.7,16.78,16.62,16.7,188546
2012-12-12 16:00:00-05:00,16.67,16.7,16.61,16.64,187432
2012-12-13 16:00:00-05:00,16.6,16.66,16.55,16.57,233129
2012-12-14 16:00:00-05:00,16.57,16.75,16.5,16.75,197862
2012-12-17 16:00:00-05:00,16.72,16.81,16.63,16.71,211494
2012-12-18 16:00:00-05:00,16.74,16.91,16.69,16.85,220346
2012-12-19 16:00:00-05:00,16.88,17.0,16.83,16.84,229399
2012-12-20 16:00:00-05:00,16.79,16.86,16.75,16.79,161238
2012-12-21 16:00:00-05:00,16.58,16.86,16.58,16.86,220748
2012-12-24 13:00:00-05:00,16.8,16.85,16.65,16.73,122000
2012-12-26 16:00:00-05:00,16.79,16.82,16.6,16.69,221771
2012-12-27 16:00:00-05:00,16.58,16.63,16.394,16.54,181877
2012-12-28 16:00:00-05:00,16.42,16.51,16.35,16.39,169607
2012-12-31 16:00:00-05:00,16.45,16.5,16.32,16.5,343797
2013-01-02 16:00:00-05:00,16.82,16.96,16.75,16.94,260775
2013-01-03 16:00:00-05:00,16.91,17.0,16.89,16.99,198975
2013-01-04 16:00:00-05:00,17.0,17.21,16.94,17.21,245869
2013-01-07 16:00:00-05:00,17.15,17.31,17.11,17.31,205313
2013-01-08 16:00:00-05:00,17.31,17.35,17.206,17.31,165979
2013-01-09 16:00:00-05:00,17.28,17.47,17.28,17.44,184957
2013-01-10 16:00:00-05:00,17.51,17.68,17.51,17.68,316151
2013-01-11 16:00:00-05:00,17.7,17.72,17.6,17.64,404119
2013-01-14 16:00:00-05:00,17.6,17.786,17.57,17.59,447799
2013-01-15 16:00:00-05:00,17.61,17.61,17.5,17.55,214120
2013-01-16 16:00:00-05:00,17.51,17.78,17.51,17.75,358206
2013-01-17 16:00:00-05:00,17.84,18.12,17.82,18.03,376237
2013-01-18 16:00:00-05:00,18.03,18.26,18.03,18.21,340832
2013-01-22 16:00:00-05:00,18.22,18.29,18.01,18.09,355993
2013-01-23 16:00:00-05:00,18.15,18.2,18.02,18.07,417033
2013-01-24 16:00:00-05:00,18.08,18.22,18.02,18.08,200453
2013-01-25 16:00:00-05:00,18.08,18.24,18.08,18.24,232038
2013-01-28 16:00:00-05:00,18.28,18.32,18.2,18.24,193896
2013-01-29 16:00:00-05:00,18.24,18.4,18.22,18.395,205413
2013-01-30 16:00:00-05:00,18.41,18.45,18.33,18.33,163094
2013-01-31 16:00:00-05:00,18.35,18.37,18.1,18.23,238234
2013-02-01 16:00:00-05:00,18.3,18.4199,18.15,18.18,243336
2013-02-04 16:00:00-05:00,18.1,18.19,17.96,17.99,259820
2013-02-05 16:00:00-05:00,18.1,18.2805,18.1,18.27,134671
2013-02-06 16:00:00-05:00,18.24,18.44,18.02,18.28,240699
2013-02-07 16:00:00-05:00,18.25,18.28,18.13,18.24,192683
2013-02-08 16:00:00-05:00,18.24,18.32,18.221,18.3,166807
2013-02-11 16:00:00-05:00,18.33,18.37,18.25,18.32,218615
2013-02-12 16:00:00-05:00,18.28,18.43,18.28,18.38,151619
2013-02-13 16:00:00-05:00,18.47,18.47,18.36,18.46,197178
2013-02-14 16:00:00-05:00,18.43,18.45,18.33,18.42,214605
2013-02-15 16:00:00-05:00,18.46,18.49,18.35,18.41,199184
2013-02-19 16:00:00-05:00,18.37,18.43,18.34,18.4,214231
2013-02-20 16:00:00-05:00,18.44,18.48,18.33,18.36,185819
2013-02-21 16:00:00-05:00,18.33,18.34,18.076,18.08,227464
2013-02-22 16:00:00-05:00,18.15,18.22,18.08,18.15,211916
2013-02-25 16:00:00-05:00,18.2,18.3,17.93,17.93,211196
2013-02-26 16:00:00-05:00,18.0,18.09,17.9647,18.08,138205
2013-02-27 16:00:00-05:00,18.03,18.34,18.03,18.32,169334
2013-02-28 16:00:00-05:00,18.35,18.49,18.32,18.4,233655
2013-03-01 16:00:00-05:00,18.36,18.53,18.31,18.51,179182
2013-03-04 16:00:00-05:00,18.61,18.78,18.44,18.78,268446
2013-03-05 16:00:00-05:00,18.87,18.92,18.75,18.81,262251
2013-03-06 16:00:00-05:00,18.84,18.86,18.79,18.85,145993
2013-03-07 16:00:00-05:00,18.88,18.97,18.828,18.95,211386
2013-03-08 16:00:00-05:00,19.02,19.03,18.81,18.95,217924
2013-03-11 16:00:00-04:00,19.0,19.0,18.89,18.93,174538
2013-03-12 16:00:00-04:00,18.98,19.0,18.86,18.93,180845
2013-03-13 16:00:00-04:00,18.96,19.0,18.84,18.98,189217
2013-03-14 16:00:00-04:00,19.0,19.0267,18.95,18.98,164794
2013-03-15 16:00:00-04:00,18.98,18.98,18.83,18.88,212251
2013-03-18 16:00:00-04:00,18.86,18.97,18.66,18.72,179919
2013-03-19 16:00:00-04:00,18.69,18.72,18.53,18.64,205452
2013-03-20 16:00:00-04:00,18.7,18.72,18.66,18.72,170962
2013-03-21 16:00:00-04:00,18.68,18.7199,18.62,18.64,174882
2013-03-22 16:00:00-04:00,18.62,18.73,18.59,18.68,177648
2013-03-25 16:00:00-04:00,18.86,18.86,18.58,18.59,195468
2013-03-26 16:00:00-04:00,18.81,18.84,18.6,18.73,136886
2013-03-27 16:00:00-04:00,18.66,18.8096,18.63,18.78,133509
2013-03-28 16:00:00-04:00,19.01,19.01,18.66,18.66,233558
2013-04-01 16:00:00-04:00,18.7,18.7,18.59,18.63,176922
2013-04-02 16:00:00-04:00,18.61,18.75,18.6,18.65,218872
2013-04-03 16:00:00-04:00,18.63,18.7,18.5,18.57,178538
2013-04-04 16:00:00-04:00,18.57,18.65,18.5299,18.61,173194
2013-04-05 16:00:00-04:00,18.41,18.59,18.33,18.59,168703
2013-04-08 16:00:00-04:00,18.62,18.62,18.52,18.61,153856
2013-04-09 16:00:00-04:00,18.7,18.75,18.62,18.68,161405
2013-04-10 16:00:00-04:00,18.73,18.87,18.73,18.84,146627
2013-04-11 16:00:00-04:00,18.87,18.95,18.86,18.93,150245
2013-04-12 16:00:00-04:00,18.84,18.96,18.8001,18.94,206732
2013-04-15 16:00:00-04:00,18.85,18.89,18.75,18.75,221470
2013-04-16 16:00:00-04:00,18.83,18.97,18.81,18.94,155548
2013-04-17 16:00:00-04:00,18.86,18.86,18.64,18.72,151947
2013-04-18 16:00:00-04:00,18.76,18.77,18.56,18.62,158310
2013-04-19 16:00:00-04:00,18.52,18.67,18.49,18.63,140317
2013-04-22 16:00:00-04:00,18.66,18.79,18.57,18.79,92491
2013-04-23 16:00:00-04:00,18.88,19.05,18.85,18.99,114434
2013-04-24 16:00:00-04:00,19.11,19.11,18.88,18.93,172119
2013-04-25 16:00:00-04:00,18.92,19.0526,18.92,19.03,207595
2013-04-26 16:00:00-04:00,19.03,19.07,18.93,19.0199,138097
2013-04-29 16:00:00-04:00,19.0,19.14,18.99,19.07,140884
2013-04-30 16:00:00-04:00,19.11,19.18,19.07,19.18,228071
2013-05-01 16:00:00-04:00,19.12,19.21,19.0776,19.12,156322
2013-05-02 16:00:00-04:00,19.16,19.27,19.12,19.27,118556
2013-05-03 16:00:00-04:00,19.37,19.49,19.31,19.45,217750
2013-05-06 16:00:00-04:00,19.46,19.49,19.41,19.47,173210
2013-05-07 16:00:00-04:00,19.45,19.57,19.42,19.55,182028
2013-05-08 16:00:00-04:00,19.54,19.66,19.51,19.62,143604
2013-05-09 16:00:00-04:00,19.54,19.64,19.53,19.53,161767
2013-05-10 16:00:00-04:00,19.6,19.64,19.4743,19.62,157479
2013-05-13 16:00:00-04:00,19.56,19.71,19.51,19.67,141320
2013-05-14 16:00:00-04:00,19.65,19.85,19.65,19.81,164651
2013-05-15 16:00:00-04:00,19.78,19.92,19.73,19.92,177142
2013-05-16 16:00:00-04:00,19.89,19.99,19.85,19.99,168046
2013-05-17 16:00:00-04:00,20.02,20.13,20.01,20.04,163934
2013-05-20 16:00:00-04:00,20.06,20.1999,20.04,20.1,188416
2013-05-21 16:00:00-04:00,20.14,20.23,20.1,20.16,133094
2013-05-22 16:00:00-04:00,20.11,20.27,19.87,19.88,226676
2013-05-23 16:00:00-04:00,19.63,19.75,19.6,19.7,295910
2013-05-24 16:00:00-04:00,19.57,19.679,19.566,19.61,132872
2013-05-28 16:00:00-04:00,19.99,19.99,19.56,19.57,218542
2013-05-29 16:00:00-04:00,19.5,19.52,19.21,19.34,221534
2013-05-30 16:00:00-04:00,19.39,19.53,19.39,19.43,131761
2013-05-31 16:00:00-04:00,19.32,19.45,18.82,18.82,363668
2013-06-03 16:00:00-04:00,18.75,18.83,18.29,18.32,572203
2013-06-04 16:00:00-04:00,18.41,18.609,18.28,18.45,695001
2013-06-05 16:00:00-04:00,18.42,18.455,18.16,18.16,450938
2013-06-06 16:00:00-04:00,18.17,18.57,18.161,18.55,247143
2013-06-07 16:00:00-04:00,18.7,18.88,18.63,18.86,169680
2013-06-10 16:00:00-04:00,18.89,18.91,18.64,18.73,175579
2013-06-11 16:00:00-04:00,18.51,18.73,18.461,18.53,155496
2013-06-12 16:00:00-04:00,18.6,18.619,18.184,18.24,181333
2013-06-13 16:00:00-04:00,18.16,18.44,17.68,18.41,301379
2013-06-14 16:00:00-04:00,18.44,18.49,18.28,18.3,138818
2013-06-17 16:00:00-04:00,18.38,18.49,18.359,18.4,165328
2013-06-18 16:00:00-04:00,18.33,18.6299,18.33,18.6,188869
2013-06-19 16:00:00-04:00,18.52,18.56,18.3501,18.36,184237
2013-06-20 16:00:00-04:00,18.17,18.17,17.686,17.75,281915
2013-06-21 16:00:00-04:00,17.85,17.89,17.62,17.85,279212
2013-06-24 16:00:00-04:00,17.37,17.55,17.0,17.31,335743
2013-06-25 16:00:00-04:00,17.4,17.61,17.3285,17.58,164256
2013-06-26 16:00:00-04:00,17.56,17.85,17.55,17.82,275287
2013-06-27 16:00:00-04:00,17.9,18.14,17.9,18.12,151720
2013-06-28 16:00:00-04:00,18.15,18.28,18.001,18.26,184538
2013-07-01 16:00:00-04:00,18.3,18.39,18.21,18.27,161989
2013-07-02 16:00:00-04:00,18.18,18.3,18.13,18.2,208573
2013-07-03 16:00:00-04:00,18.1,18.18,18.03,18.17,70327
2013-07-05 16:00:00-04:00,18.37,18.38,18.09,18.22,194406
2013-07-08 16:00:00-04:00,18.36,18.434,18.27,18.36,127865
2013-07-09 16:00:00-04:00,18.44,18.52,18.38,18.52,177083
2013-07-10 16:00:00-04:00,18.52,18.52,18.4,18.48,86937
2013-07-11 16:00:00-04:00,18.75,18.84,18.57,18.81,196750
2013-07-12 16:00:00-04:00,18.76,18.88,18.76,18.88,117997
2013-07-15 16:00:00-04:00,18.95,19.02,18.9,19.02,139201
2013-07-16 16:00:00-04:00,18.97,19.0,18.75,18.79,149664
2013-07-17 16:00:00-04:00,18.83,18.85,18.77,18.8,116701
2013-07-18 16:00:00-04:00,18.87,18.98,18.87,18.92,130155
2013-07-19 16:00:00-04:00,18.88,18.92,18.85,18.91,88680
2013-07-22 16:00:00-04:00,18.77,18.81,18.64,18.66,150326
2013-07-23 16:00:00-04:00,18.75,18.79,18.69,18.73,142991
2013-07-24 16:00:00-04:00,18.76,18.79,18.6001,18.7,129732
2013-07-25 16:00:00-04:00,18.61,18.72,18.53,18.6779,139997
2013-07-26 16:00:00-04:00,18.58,18.67,18.47,18.65,114217
2013-07-29 16:00:00-04:00,18.56,18.67,18.52,18.64,116795
2013-07-30 16:00:00-04:00,18.65,18.73,18.58,18.68,123103
2013-07-31 16:00:00-04:00,18.74,18.799,18.54,18.66,190254
2013-08-01 16:00:00-04:00,18.72,18.97,18.72,18.97,191467
2013-08-02 16:00:00-04:00,18.98,18.99,18.89,18.98,91957
2013-08-05 16:00:00-04:00,18.91,18.93,18.82,18.86,137821
2013-08-06 16:00:00-04:00,18.84,18.87,18.67,18.85,139001
2013-08-07 16:00:00-04:00,18.79,18.82,18.68,18.8,125828
2013-08-08 16:00:00-04:00,18.84,18.84,18.63,18.68,109315
2013-08-09 16:00:00-04:00,18.59,18.64,18.5,18.55,143406
2013-08-12 16:00:00-04:00,18.49,18.5599,18.41,18.47,124800
2013-08-13 16:00:00-04:00,18.54,18.54,18.33,18.45,147260
2013-08-14 16:00:00-04:00,18.36,18.47,18.23,18.31,138661
2013-08-15 16:00:00-04:00,18.17,18.38,17.97,18.16,181458
2013-08-16 16:00:00-04:00,18.16,18.2,18.1,18.16,138205
2013-08-19 16:00:00-04:00,18.18,18.18,17.98,18.0,120357
2013-08-20 16:00:00-04:00,17.97,18.04,17.93,17.97,126469
2013-08-21 16:00:00-04:00,17.86,17.87,17.6,17.64,207959
2013-08-22 16:00:00-04:00,17.7,17.79,17.66,17.76,147086
2013-08-23 16:00:00-04:00,17.77,17.92,17.751,17.92,74350
2013-08-26 16:00:00-04:00,17.95,17.97,17.81,17.85,95634
2013-08-27 16:00:00-04:00,17.59,17.69,17.54,17.55,123492
2013-08-28 16:00:00-04:00,17.58,17.6199,17.53,17.55,125047
2013-08-29 16:00:00-04:00,17.55,17.6,17.54,17.57,136036
2013-08-30 16:00:00-04:00,17.66,17.67,17.56,17.63,121403
2013-09-03 16:00:00-04:00,17.94,17.94,17.63,17.72,108374
2013-09-04 16:00:00-04:00,17.72,17.78,17.66,17.75,180054
2013-09-05 16:00:00-04:00,17.8,17.81,17.68,17.75,82048
2013-09-06 16:00:00-04:00,17.8,17.813,17.61,17.69,124405
2013-09-09 16:00:00-04:00,17.7,17.92,17.7,17.91,104381
2013-09-10 16:00:00-04:00,17.98,18.09,17.94,18.08,109676
2013-09-11 16:00:00-04:00,18.05,18.05,17.99,18.01,94135
2013-09-12 16:00:00-04:00,18.0,18.1099,18.0,18.03,118028
2013-09-13 16:00:00-04:00,18.01,18.06,17.99,18.0,114794
2013-09-16 16:00:00-04:00,18.18,18.18,18.03,18.08,144200
2013-09-17 16:00:00-04:00,18.08,18.15,18.05,18.1,101956
2013-09-18 16:00:00-04:00,18.08,18.47,18.08,18.42,160569
2013-09-19 16:00:00-04:00,18.32,18.43,18.3,18.37,147643
2013-09-20 16:00:00-04:00,18.36,18.36,18.07,18.12,110766
2013-09-23 16:00:00-04:00,18.01,18.14,18.01,18.13,143159
2013-09-24 16:00:00-04:00,18.09,18.12,18.0226,18.08,146373
2013-09-25 16:00:00-04:00,18.04,18.14,18.0,18.08,117262
2013-09-26 16:00:00-04:00,18.06,18.16,18.06,18.15,106248
2013-09-27 16:00:00-04:00,18.06,18.1,18.02,18.1,92470
2013-09-30 16:00:00-04:00,18.01,18.1,17.93,18.01,135046
2013-10-01 16:00:00-04:00,17.93,18.12,17.93,18.11,105455
2013-10-02 16:00:00-04:00,17.95,18.05,17.9,18.05,95646
2013-10-03 16:00:00-04:00,18.0,18.05,17.81,17.87,139778
2013-10-04 16:00:00-04:00,17.82,17.96,17.8,17.88,143084
2013-10-07 16:00:00-04:00,17.73,17.827,17.72,17.75,147861
2013-10-08 16:00:00-04:00,17.71,17.96,17.6,17.67,178833
2013-10-09 16:00:00-04:00,17.67,17.67,17.544,17.59,154317
2013-10-10 16:00:00-04:00,17.72,18.01,17.69,17.99,130743
2013-10-11 16:00:00-04:00,17.93,18.13,17.93,18.04,124478
2013-10-14 16:00:00-04:00,17.92,18.07,17.86,18.05,104968
2013-10-15 16:00:00-04:00,18.03,18.07,17.9499,17.98,117629
2013-10-16 16:00:00-04:00,18.01,18.18,18.008,18.18,144316
2013-10-17 16:00:00-04:00,18.15,18.49,18.1,18.49,129910
2013-10-18 16:00:00-04:00,18.47,18.582,18.41,18.55,128037
2013-10-21 16:00:00-04:00,18.61,18.68,18.5702,18.67,86074
2013-10-22 16:00:00-04:00,18.58,18.729,18.58,18.7,105823
2013-10-23 16:00:00-04:00,18.68,18.69,18.57,18.61,153167
2013-10-24 16:00:00-04:00,18.6,18.64,18.54,18.59,84669
2013-10-25 16:00:00-04:00,18.52,18.67,18.52,18.63,113291
2013-10-28 16:00:00-04:00,18.65,18.68,18.56,18.62,115066
2013-10-29 16:00:00-04:00,18.67,18.71,18.65,18.71,97856
2013-10-30 16:00:00-04:00,18.74,18.75,18.59,18.67,136536
2013-10-31 16:00:00-04:00,18.71,18.75,18.6,18.71,154897
2013-11-01 16:00:00-04:00,18.68,18.74,18.57,18.67,121566
2013-11-04 16:00:00-05:00,18.71,18.72,18.62,18.7,127021
2013-11-05 16:00:00-05:00,18.6,18.77,18.58,18.69,106803
2013-11-06 16:00:00-05:00,18.69,18.77,18.62,18.67,195083
2013-11-07 16:00:00-05:00,18.67,18.69,18.53,18.54,226924
2013-11-08 16:00:00-05:00,18.48,18.53,18.43,18.52,233740
2013-11-11 16:00:00-05:00,18.5,18.63,18.5,18.56,143520
2013-11-12 16:00:00-05:00,18.46,18.53,18.43,18.5,191741
2013-11-13 16:00:00-05:00,18.42,18.59,18.41,18.57,142872
2013-11-14 16:00:00-05:00,18.6,18.72,18.57,18.72,118419
2013-11-15 16:00:00-05:00,18.75,18.82,18.68,18.77,240891
2013-11-18 16:00:00-05:00,18.8,18.82,18.7,18.76,148776
2013-11-19 16:00:00-05:00,18.71,18.75,18.66,18.73,95573
2013-11-20 16:00:00-05:00,18.62,18.65,18.5101,18.56,151819
2013-11-21 16:00:00-05:00,18.6,18.6699,18.57,18.63,128810
2013-11-22 16:00:00-05:00,18.65,18.69,18.59,18.67,152151
2013-11-25 16:00:00-05:00,18.68,18.72,18.61,18.63,140760
2013-11-26 16:00:00-05:00,18.62,18.64,18.6,18.64,113551
2013-11-27 16:00:00-05:00,18.61,18.7,18.6,18.69,123258
2013-11-29 16:00:00-05:00,18.73,18.8,18.72,18.72,92413
2013-12-02 16:00:00-05:00,18.74,18.74,18.64,18.66,130698
2013-12-03 16:00:00-05:00,18.62,18.65,18.53,18.57,137644
2013-12-04 16:00:00-05:00,18.54,18.6,18.45,18.55,144982
2013-12-05 16:00:00-05:00,18.52,18.521,18.37,18.44,109005
2013-12-06 16:00:00-05:00,18.5,18.55,18.43,18.45,167354
2013-12-09 16:00:00-05:00,18.48,18.51,18.41,18.45,194530
2013-12-10 16:00:00-05:00,18.42,18.45,18.39,18.42,147249
2013-12-11 16:00:00-05:00,18.38,18.38,18.28,18.29,191425
2013-12-12 16:00:00-05:00,18.28,18.29,18.17,18.21,183324
2013-12-13 16:00:00-05:00,18.23,18.24,18.16,18.2,130340
2013-12-16 16:00:00-05:00,18.25,18.3,18.2,18.23,167929
2013-12-17 16:00:00-05:00,18.25,18.35,18.2,18.33,170521
2013-12-18 16:00:00-05:00,18.34,18.58,18.3,18.56,247117
2013-12-19 16:00:00-05:00,18.47,18.66,18.45,18.66,182594
2013-12-20 16:00:00-05:00,18.55,18.7765,18.54,18.73,200665
2013-12-23 16:00:00-05:00,18.8,19.0499,18.8,19.02,244996
2013-12-24 16:00:00-05:00,19.02,19.15,18.99,19.14,104909
2013-12-26 16:00:00-05:00,19.15,19.22,19.1,19.22,143728
2013-12-27 16:00:00-05:00,19.19,19.32,19.09,19.1,146370
2013-12-30 16:00:00-05:00,19.27,19.27,18.89,18.92,159967
2013-12-31 16:00:00-05:00,19.08,19.08,18.93,19.02,141696
2014-01-02 16:00:00-05:00,18.94,18.94,18.81,18.87,134342
2014-01-03 16:00:00-05:00,18.86,18.9,18.82,18.88,120117
2014-01-06 16:00:00-05:00,18.86,18.86,18.79,18.84,187293
2014-01-07 16:00:00-05:00,18.92,19.01,18.85,18.99,175450
2014-01-08 16:00:00-05:00,18.95,19.13,18.91,19.11,135830
2014-01-09 16:00:00-05:00,19.09,19.11,19.0,19.06,140797
2014-01-10 16:00:00-05:00,19.06,19.25,19.06,19.25,159274
2014-01-13 16:00:00-05:00,19.16,19.2,18.98,19.02,116342
2014-01-14 16:00:00-05:00,19.01,19.13,18.95,19.13,149094
2014-01-15 16:00:00-05:00,19.16,19.25,19.16,19.22,114608
2014-01-16 16:00:00-05:00,19.25,19.28,19.21,19.27,142747
2014-01-17 16:00:00-05:00,19.21,19.24,19.16,19.17,157460
2014-01-21 16:00:00-05:00,19.24,19.31,19.12,19.29,148920
2014-01-22 16:00:00-05:00,19.18,19.4,19.15,19.37,203421
2014-01-23 16:00:00-05:00,19.29,19.3,19.08,19.14,131843
2014-01-24 16:00:00-05:00,19.04,19.07,18.71,18.72,154905
2014-01-27 16:00:00-05:00,18.81,18.81,18.5,18.52,152499
2014-01-28 16:00:00-05:00,18.54,18.72,18.54,18.67,138204
2014-01-29 16:00:00-05:00,18.6,18.67,18.46,18.54,152186
2014-01-30 16:00:00-05:00,18.66,18.73,18.58,18.63,143220
2014-01-31 16:00:00-05:00,18.53,18.7199,18.49,18.6,146050
2014-02-03 16:00:00-05:00,18.58,18.61,18.15,18.21,187298
2014-02-04 16:00:00-05:00,18.25,18.4,18.24,18.4,138004
2014-02-05 16:00:00-05:00,18.33,18.43,18.26,18.4,119033
2014-02-06 16:00:00-05:00,18.37,18.58,18.37,18.58,132308
2014-02-07 16:00:00-05:00,18.62,18.87,18.61,18.86,152920
2014-02-10 16:00:00-05:00,18.86,18.92,18.83,18.91,113387
2014-02-11 16:00:00-05:00,18.93,19.16,18.9,19.15,94196
2014-02-12 16:00:00-05:00,19.14,19.27,19.11,19.21,135655
2014-02-13 16:00:00-05:00,19.12,19.3,19.08,19.23,126495
2014-02-14 16:00:00-05:00,19.25,19.32,19.15,19.32,135194
2014-02-18 16:00:00-05:00,19.27,19.31,19.21,19.31,110769
2014-02-19 16:00:00-05:00,19.11,19.23,19.11,19.14,276659
2014-02-20 16:00:00-05:00,19.13,19.2,19.09,19.2,124327
2014-02-21 16:00:00-05:00,19.23,19.29,19.19,19.2199,92648
2014-02-24 16:00:00-05:00,19.22,19.35,19.22,19.29,100097
2014-02-25 16:00:00-05:00,19.22,19.32,19.21,19.27,157089
2014-02-26 16:00:00-05:00,19.31,19.33,19.2449,19.3,88129
2014-02-27 16:00:00-05:00,19.32,19.41,19.3,19.41,231175
2014-02-28 16:00:00-05:00,19.44,19.5,19.3849,19.46,141216
2014-03-03 16:00:00-05:00,19.36,19.39,19.31,19.38,114575
2014-03-04 16:00:00-05:00,19.47,19.65,19.47,19.64,197648
2014-03-05 16:00:00-05:00,19.65,19.7,19.57,19.68,142640
2014-03-06 16:00:00-05:00,19.72,19.74,19.58,19.61,194913
2014-03-07 16:00:00-05:00,19.68,19.694,19.53,19.6,156713
2014-03-10 16:00:00-04:00,19.57,19.6497,19.53,19.63,97504
2014-03-11 16:00:00-04:00,19.6,19.69,19.55,19.56,132341
2014-03-12 16:00:00-04:00,19.51,19.54,19.45,19.54,109711
2014-03-13 16:00:00-04:00,19.59,19.59,19.37,19.44,158547
2014-03-14 16:00:00-04:00,19.44,19.47,19.39,19.44,67100
2014-03-17 16:00:00-04:00,19.48,19.55,19.44,19.46,147029
2014-03-18 16:00:00-04:00,19.53,19.65,19.4799,19.64,118146
2014-03-19 16:00:00-04:00,19.68,19.69,19.48,19.55,128334
2014-03-20 16:00:00-04:00,19.36,19.45,19.31,19.45,101005
2014-03-21 16:00:00-04:00,19.47,19.51,19.4,19.4,85355
2014-03-24 16:00:00-04:00,19.4,19.47,19.328,19.41,143000
2014-03-25 16:00:00-04:00,19.44,19.5,19.4,19.44,83513
2014-03-26 16:00:00-04:00,19.49,19.54,19.39,19.42,91974
2014-03-27 16:00:00-04:00,19.4,19.46,19.35,19.46,77185
2014-03-28 16:00:00-04:00,19.47,19.58,19.47,19.53,96391
2014-03-31 16:00:00-04:00,19.6,19.67,19.57,19.66,132951
2014-04-01 16:00:00-04:00,19.69,19.8068,19.66,19.78,161375
2014-04-02 16:00:00-04:00,19.75,19.7944,19.73,19.73,306599
2014-04-03 16:00:00-04:00,19.73,19.76,19.43,19.72,148152
2014-04-04 16:00:00-04:00,19.79,19.85,19.62,19.69,181790
2014-04-07 16:00:00-04:00,19.66,19.66,19.46,19.49,106338
2014-04-08 16:00:00-04:00,19.46,19.53,19.37,19.47,113372
2014-04-09 16:00:00-04:00,19.55,19.65,19.46,19.64,218237
2014-04-10 16:00:00-04:00,19.66,19.68,19.4,19.45,161955
2014-04-11 16:00:00-04:00,19.43,19.43,19.27,19.33,73700
2014-04-14 16:00:00-04:00,19.41,19.41,19.2701,19.37,119771
2014-04-15 16:00:00-04:00,19.39,19.47,19.27,19.47,111651
2014-04-16 16:00:00-04:00,19.55,19.66,19.51,19.66,112113
2014-04-17 16:00:00-04:00,19.62,19.68,19.56,19.68,82476
2014-04-21 16:00:00-04:00,19.52,19.58,19.51,19.57,99781
2014-04-22 16:00:00-04:00,19.57,19.67,19.52,19.65,94735
2014-04-23 16:00:00-04:00,19.62,19.71,19.54,19.66,169353
2014-04-24 16:00:00-04:00,19.71,19.75,19.63,19.72,136047
2014-04-25 16:00:00-04:00,19.69,19.7,19.61,19.66,72970
2014-04-28 16:00:00-04:00,19.69,19.73,19.59,19.67,92553
2014-04-29 16:00:00-04:00,19.7,19.809,19.7,19.75,120027
2014-04-30 16:00:00-04:00,19.75,19.945,19.74,19.92,120705
2014-05-01 16:00:00-04:00,19.87,19.97,19.87,19.95,108362
2014-05-02 16:00:00-04:00,19.91,19.98,19.91,19.94,117290
2014-05-05 16:00:00-04:00,19.89,19.99,19.8,19.98,111344
2014-05-06 16:00:00-04:00,19.95,19.98,19.9,19.98,124676
2014-05-07 16:00:00-04:00,19.96,20.0,19.82,20.0,111401
2014-05-08 16:00:00-04:00,19.98,20.05,19.94,19.95,110881
2014-05-09 16:00:00-04:00,19.95,19.99,19.88,19.99,101906
2014-05-12 16:00:00-04:00,20.0,20.07,19.96,20.06,154159
2014-05-13 16:00:00-04:00,20.05,20.09,20.02,20.06,128335
2014-05-14 16:00:00-04:00,20.01,20.06,19.9801,20.0,123762
2014-05-15 16:00:00-04:00,19.96,19.98,19.85,19.95,121817
2014-05-16 16:00:00-04:00,19.91,20.02,19.87,20.0,85999
2014-05-19 16:00:00-04:00,20.01,20.1,20.0,20.1,82675
2014-05-20 16:00:00-04:00,20.09,20.09,19.9601,20.04,95794
2014-05-21 16:00:00-04:00,19.99,20.05,19.95,20.02,164241
2014-05-22 16:00:00-04:00,20.05,20.21,20.0484,20.14,95435
2014-05-23 16:00:00-04:00,20.18,20.22,20.15,20.22,85851
2014-05-27 16:00:00-04:00,20.25,20.3,20.15,20.21,110663
2014-05-28 16:00:00-04:00,20.2,20.24,20.17,20.23,107866
2014-05-29 16:00:00-04:00,20.26,20.3,20.21,20.3,123322
2014-05-30 16:00:00-04:00,20.27,20.36,20.24,20.33,127411
2014-06-02 16:00:00-04:00,20.31,20.39,20.298,20.39,105408
2014-06-03 16:00:00-04:00,20.36,20.37,20.3,20.3501,86001
2014-06-04 16:00:00-04:00,20.33,20.377,20.28,20.37,88632
2014-06-05 16:00:00-04:00,20.35,20.37,20.26,20.35,136033
2014-06-06 16:00:00-04:00,20.32,20.407,20.32,20.38,115819
2014-06-09 16:00:00-04:00,20.38,20.45,20.366,20.4,101011
2014-06-10 16:00:00-04:00,20.39,20.46,20.37,20.46,113682
2014-06-11 16:00:00-04:00,20.44,20.57,20.415,20.53,168606
2014-06-12 16:00:00-04:00,20.54,20.54,20.35,20.39,107696
2014-06-13 16:00:00-04:00,20.44,20.54,20.44,20.53,111574
2014-06-16 16:00:00-04:00,20.53,20.5499,20.47,20.52,85184
2014-06-17 16:00:00-04:00,20.54,20.57,20.48,20.57,101772
2014-06-18 16:00:00-04:00,20.58,20.79,20.58,20.79,148991
2014-06-19 16:00:00-04:00,20.74,20.74,20.63,20.71,110532
2014-06-20 16:00:00-04:00,20.74,20.74,20.59,20.62,104810
2014-06-23 16:00:00-04:00,20.64,20.6499,20.54,20.62,167227
2014-06-24 16:00:00-04:00,20.6,20.68,20.52,20.55,158484
2014-06-25 16:00:00-04:00,20.55,20.57,20.47,20.52,123826
2014-06-26 16:00:00-04:00,20.55,20.55,20.41,20.54,90774
2014-06-27 16:00:00-04:00,20.51,20.61,20.47,20.61,91345
2014-06-30 16:00:00-04:00,20.67,20.77,20.56,20.7,216614
2014-07-01 16:00:00-04:00,20.72,20.79,20.65,20.79,111305
2014-07-02 16:00:00-04:00,20.74,20.76,20.59,20.66,168795
2014-07-03 16:00:00-04:00,20.69,20.69,20.6,20.66,105698
2014-07-07 16:00:00-04:00,20.61,20.68,20.59,20.67,154733
2014-07-08 16:00:00-04:00,20.64,20.67,20.5,20.67,182951
2014-07-09 16:00:00-04:00,20.67,20.75,20.63,20.71,155063
2014-07-10 16:00:00-04:00,20.58,20.66,20.49,20.51,173693
2014-07-11 16:00:00-04:00,20.51,20.59,20.5,20.58,89656
2014-07-14 16:00:00-04:00,20.61,20.72,20.61,20.66,85566
2014-07-15 16:00:00-04:00,20.68,20.68,20.54,20.63,112361
2014-07-16 16:00:00-04:00,20.7,20.73,20.6601,20.7,120317
2014-07-17 16:00:00-04:00,20.66,20.68,20.54,20.56,124245
2014-07-18 16:00:00-04:00,20.6,20.64,20.5,20.61,140747
2014-07-21 16:00:00-04:00,20.56,20.6,20.48,20.55,164036
2014-07-22 16:00:00-04:00,20.49,20.62,20.49,20.59,136826
2014-07-23 16:00:00-04:00,20.62,20.73,20.6001,20.68,121651
2014-07-24 16:00:00-04:00,20.7,20.72,20.65,20.72,82402
2014-07-25 16:00:00-04:00,20.72,20.72,20.63,20.63,77988
2014-07-28 16:00:00-04:00,20.65,20.67,20.56,20.61,134684
2014-07-29 16:00:00-04:00,20.62,20.699,20.61,20.65,80516
2014-07-30 16:00:00-04:00,20.7,20.7,20.48,20.58,141347
2014-07-31 16:00:00-04:00,20.5,20.52,20.14,20.2,227732
2014-08-01 16:00:00-04:00,20.2,20.23,19.931,20.04,139506
2014-08-04 16:00:00-04:00,20.15,20.16,19.92,19.98,124052
2014-08-05 16:00:00-04:00,19.93,19.95,19.7115,19.75,155430
2014-08-06 16:00:00-04:00,19.67,19.82,19.59,19.76,200410
2014-08-07 16:00:00-04:00,19.77,19.85,19.7,19.71,107685
2014-08-08 16:00:00-04:00,19.69,19.87,19.68,19.86,127245
2014-08-11 16:00:00-04:00,19.95,20.11,19.95,20.11,111421
2014-08-12 16:00:00-04:00,20.07,20.1,20.0,20.07,100727
2014-08-13 16:00:00-04:00,20.08,20.2,20.01,20.18,113642
2014-08-14 16:00:00-04:00,20.22,20.38,20.17,20.36,115295
2014-08-15 16:00:00-04:00,20.38,20.3867,20.2,20.25,79688
2014-08-18 16:00:00-04:00,20.37,20.39,20.33,20.35,120763
2014-08-19 16:00:00-04:00,20.37,20.64,20.3686,20.62,86617
2014-08-20 16:00:00-04:00,20.47,20.54,20.44,20.49,109077
2014-08-21 16:00:00-04:00,20.5,20.5686,20.45,20.47,113796
2014-08-22 16:00:00-04:00,20.44,20.48,20.38,20.4,123253
2014-08-25 16:00:00-04:00,20.47,20.51,20.4132,20.46,107807
2014-08-26 16:00:00-04:00,20.51,20.59,20.48,20.57,163778
2014-08-27 16:00:00-04:00,20.59,20.63,20.5545,20.58,103037
2014-08-28 16:00:00-04:00,20.5,20.55,20.46,20.55,106586
2014-08-29 16:00:00-04:00,20.6,20.61,20.53,20.56,134957
2014-09-02 16:00:00-04:00,20.58,20.609,20.52,20.56,141721
2014-09-03 16:00:00-04:00,20.58,20.6499,20.55,20.6,94518
2014-09-04 16:00:00-04:00,20.59,20.63,20.56,20.56,147991
2014-09-05 16:00:00-04:00,20.58,20.58,20.51,20.51,107939
2014-09-08 16:00:00-04:00,20.51,20.55,20.4,20.43,120550
2014-09-09 16:00:00-04:00,20.44,20.44,20.2966,20.34,87819
2014-09-10 16:00:00-04:00,20.37,20.41,20.31,20.41,112076
2014-09-11 16:00:00-04:00,20.36,20.41,20.28,20.41,116838
2014-09-12 16:00:00-04:00,20.36,20.42,20.3,20.32,100934
2014-09-15 16:00:00-04:00,20.31,20.33,20.25,20.28,100692
2014-09-16 16:00:00-04:00,20.28,20.4799,20.27,20.46,95334
2014-09-17 16:00:00-04:00,20.49,20.52,20.42,20.52,79186
2014-09-18 16:00:00-04:00,20.52,20.67,20.51,20.642,102095
2014-09-19 16:00:00-04:00,20.59,20.64,20.5301,20.61,111821
2014-09-22 16:00:00-04:00,20.54,20.57,20.374,20.4,94005
2014-09-23 16:00:00-04:00,20.37,20.44,20.3,20.31,65415
2014-09-24 16:00:00-04:00,20.37,20.46,20.285,20.45,80099
2014-09-25 16:00:00-04:00,20.43,20.43,20.19,20.24,98419
2014-09-26 16:00:00-04:00,20.24,20.4,20.15,20.34,91686
2014-09-29 16:00:00-04:00,20.17,20.3,20.092,20.27,167121
2014-09-30 16:00:00-04:00,20.32,20.32,20.14,20.19,164193
2014-10-01 16:00:00-04:00,20.17,20.17,19.98,20.01,102004
2014-10-02 16:00:00-04:00,20.0,20.0,19.59,19.82,180979
2014-10-03 16:00:00-04:00,19.86,20.04,19.83,19.93,131690
2014-10-06 16:00:00-04:00,20.04,20.09,19.93,19.97,155861
2014-10-07 16:00:00-04:00,19.9,19.98,19.82,19.86,112418
2014-10-08 16:00:00-04:00,19.8,20.227,19.8,20.21,122234
2014-10-09 16:00:00-04:00,20.2,20.2,19.8,19.83,127540
2014-10-10 16:00:00-04:00,19.75,19.85,19.38,19.41,166985
2014-10-13 16:00:00-04:00,19.41,19.49,19.07,19.1,271672
2014-10-14 16:00:00-04:00,19.19,19.25,18.94,19.04,205056
2014-10-15 16:00:00-04:00,18.77,18.97,18.48,18.89,377498
2014-10-16 16:00:00-04:00,18.71,19.26,18.59,19.25,380764
2014-10-17 16:00:00-04:00,19.57,19.77,19.31,19.46,198693
2014-10-20 16:00:00-04:00,19.4,19.55,19.399,19.55,134085
2014-10-21 16:00:00-04:00,19.64,19.97,19.61,19.95,182566
2014-10-22 16:00:00-04:00,19.89,19.98,19.79,19.8,115713
2014-10-23 16:00:00-04:00,19.98,20.09,19.98,20.03,127099
2014-10-24 16:00:00-04:00,20.06,20.11,19.97,20.11,72954
2014-10-27 16:00:00-04:00,20.02,20.06,19.9501,20.01,134990
2014-10-28 16:00:00-04:00,20.08,20.2,20.07,20.19,148735
2014-10-29 16:00:00-04:00,20.22,20.26,20.033,20.14,138997
2014-10-30 16:00:00-04:00,20.11,20.25,20.06,20.16,118445
2014-10-31 16:00:00-04:00,20.38,20.4,20.27,20.31,151004
2014-11-03 16:00:00-05:00,20.32,20.45,20.32,20.43,118029
2014-11-04 16:00:00-05:00,20.38,20.39,20.12,20.2,322654
2014-11-05 16:00:00-05:00,20.31,20.36,20.27,20.33,161506
2014-11-06 16:00:00-05:00,20.32,20.46,20.3,20.42,145608
2014-11-07 16:00:00-05:00,20.44,20.49,20.34,20.4,110753
2014-11-10 16:00:00-05:00,20.39,20.55,20.39,20.54,114066
2014-11-11 16:00:00-05:00,20.54,20.65,20.5,20.65,114567
2014-11-12 16:00:00-05:00,20.61,20.63,20.55,20.61,87037
2014-11-13 16:00:00-05:00,20.61,20.647,20.5,20.55,114723
2014-11-14 16:00:00-05:00,20.53,20.55,20.41,20.44,78704
2014-11-17 16:00:00-05:00,20.41,20.46,20.35,20.46,161691
2014-11-18 16:00:00-05:00,20.45,20.58,20.44,20.55,109226
2014-11-19 16:00:00-05:00,20.44,20.47,20.34,20.45,104029
2014-11-20 16:00:00-05:00,20.35,20.52,20.35,20.52,124715
2014-11-21 16:00:00-05:00,20.65,20.7,20.55,20.57,133336
2014-11-24 16:00:00-05:00,20.6,20.64,20.56,20.59,166016
2014-11-25 16:00:00-05:00,20.62,20.68,20.59,20.67,108775
2014-11-26 16:00:00-05:00,20.71,20.79,20.6894,20.79,113026
2014-11-28 16:00:00-05:00,20.79,20.79,20.69,20.73,51567
2014-12-01 16:00:00-05:00,20.63,20.68,20.41,20.44,136954
2014-12-02 16:00:00-05:00,20.41,20.568,20.41,20.56,91476
2014-12-03 16:00:00-05:00,20.52,20.63,20.52,20.63,95551
2014-12-04 16:00:00-05:00,20.57,20.625,20.5,20.56,116192
2014-12-05 16:00:00-05:00,20.52,20.58,20.52,20.56,93442
2014-12-08 16:00:00-05:00,20.5,20.57,20.4198,20.48,95661
2014-12-09 16:00:00-05:00,20.34,20.42,20.27,20.42,150389
2014-12-10 16:00:00-05:00,20.31,20.358,20.1,20.13,143948
2014-12-11 16:00:00-05:00,20.21,20.519,20.16,20.45,288117
2014-12-12 16:00:00-05:00,20.45,20.47,20.21,20.23,216090
2014-12-15 16:00:00-05:00,20.31,20.36,20.0,20.06,206077
2014-12-16 16:00:00-05:00,20.0,20.14,19.85,19.87,234819
2014-12-17 16:00:00-05:00,19.86,20.18,19.86,20.18,153024
2014-12-18 16:00:00-05:00,20.32,20.62,20.32,20.6,136107
2014-12-19 16:00:00-05:00,20.66,20.8,20.66,20.76,165050
2014-12-22 16:00:00-05:00,20.71,20.71,20.59,20.59,153289
2014-12-23 16:00:00-05:00,20.6,20.91,20.6,20.85,212772
2014-12-24 16:00:00-05:00,20.93,20.98,20.85,20.94,99233
2014-12-26 16:00:00-05:00,20.88,20.88,20.73,20.74,125392
2014-12-29 16:00:00-05:00,20.73,20.75,20.6,20.66,165897
2014-12-30 16:00:00-05:00,20.66,20.73,20.543,20.69,149621
2014-12-31 16:00:00-05:00,20.82,20.86,20.72,20.8,196058
2015-01-02 16:00:00-05:00,20.86,20.86,20.472,20.54,217675
2015-01-05 16:00:00-05:00,20.5,20.53,19.92,20.11,299254
2015-01-06 16:00:00-05:00,20.18,20.2299,19.97,20.09,213321
2015-01-07 16:00:00-05:00,20.28,20.29,20.12,20.13,319613
2015-01-08 16:00:00-05:00,20.27,20.41,20.26,20.34,467664
2015-01-09 16:00:00-05:00,20.38,20.38,20.26,20.35,187984
2015-01-12 16:00:00-05:00,20.38,20.38,20.12,20.33,150517
2015-01-13 16:00:00-05:00,20.44,20.563,20.141,20.27,229703
2015-01-14 16:00:00-05:00,19.97,20.15,19.96,20.15,154970
2015-01-15 16:00:00-05:00,20.22,20.22,20.02,20.11,152573
2015-01-16 16:00:00-05:00,20.15,20.45,20.15,20.45,161254
2015-01-20 16:00:00-05:00,20.46,20.5204,20.3332,20.5,130370
2015-01-21 16:00:00-05:00,20.51,20.58,20.43,20.58,134301
2015-01-22 16:00:00-05:00,20.61,20.8297,20.56,20.8,136867
2015-01-23 16:00:00-05:00,20.82,20.89,20.78,20.79,112493
2015-01-26 16:00:00-05:00,20.76,20.81,20.65,20.72,118125
2015-01-27 16:00:00-05:00,20.58,20.73,20.51,20.64,154674
2015-01-28 16:00:00-05:00,20.81,20.83,20.47,20.48,170815
2015-01-29 16:00:00-05:00,20.52,20.6,20.38,20.6,96815
2015-01-30 16:00:00-05:00,20.48,20.56,20.32,20.32,79435
2015-02-02 16:00:00-05:00,20.38,20.5099,20.25,20.49,146887
2015-02-03 16:00:00-05:00,20.59,20.83,20.59,20.76,208561
2015-02-04 16:00:00-05:00,20.72,20.7323,20.55,20.58,157103
2015-02-05 16:00:00-05:00,20.68,20.82,20.65,20.82,165558
2015-02-06 16:00:00-05:00,20.82,20.9,20.66,20.72,243963
2015-02-09 16:00:00-05:00,20.66,20.77,20.66,20.68,157499
2015-02-10 16:00:00-05:00,20.75,20.91,20.75,20.91,127351
2015-02-11 16:00:00-05:00,20.84,20.9,20.77,20.84,98969
2015-02-12 16:00:00-05:00,20.89,20.96,20.86,20.86,161848
2015-02-13 16:00:00-05:00,20.93,20.98,20.84,20.89,158374
2015-02-17 16:00:00-05:00,20.85,20.8764,20.691,20.73,141186
2015-02-18 16:00:00-05:00,20.58,20.69,20.56,20.65,110922
2015-02-19 16:00:00-05:00,20.63,20.74,20.59,20.65,127688
2015-02-20 16:00:00-05:00,20.6,20.71,20.6,20.71,149038
2015-02-23 16:00:00-05:00,20.73,20.86,20.6901,20.78,143119
2015-02-24 16:00:00-05:00,20.79,21.0099,20.7861,20.98,165226
2015-02-25 16:00:00-05:00,20.98,21.05,20.92,20.95,114636
2015-02-26 16:00:00-05:00,20.92,20.965,20.81,20.9,133700
2015-02-27 16:00:00-05:00,20.93,20.99,20.89,20.95,122717
2015-03-02 16:00:00-05:00,20.94,21.0003,20.92,20.95,138620
2015-03-03 16:00:00-05:00,20.95,20.95,20.86,20.93,116116
2015-03-04 16:00:00-05:00,20.9,20.95,20.82,20.93,92647
2015-03-05 16:00:00-05:00,20.96,21.02,20.9485,21.02,72907
2015-03-06 16:00:00-05:00,20.93,20.94,20.76,20.79,113406
2015-03-09 16:00:00-04:00,20.76,20.82,20.75,20.79,125464
2015-03-10 16:00:00-04:00,20.7,20.74,20.54,20.55,121512
2015-03-11 16:00:00-04:00,20.56,20.6,20.51,20.55,104065
2015-03-12 16:00:00-04:00,20.6,20.71,20.6,20.71,82821
2015-03-13 16:00:00-04:00,20.66,20.72,20.41,20.54,100009
2015-03-16 16:00:00-04:00,20.58,20.7399,20.58,20.68,138744
2015-03-17 16:00:00-04:00,20.67,20.7,20.6,20.65,144976
2015-03-18 16:00:00-04:00,20.64,20.95,20.5,20.88,126724
2015-03-19 16:00:00-04:00,20.79,20.8499,20.71,20.78,112396
2015-03-20 16:00:00-04:00,20.76,20.81,20.68,20.76,160247
2015-03-23 16:00:00-04:00,20.76,20.82,20.67,20.74,109995
2015-03-24 16:00:00-04:00,20.74,20.767,20.67,20.69,91453
2015-03-25 16:00:00-04:00,20.69,20.71,20.47,20.49,102847
2015-03-26 16:00:00-04:00,20.44,20.58,20.41,20.52,121331
2015-03-27 16:00:00-04:00,20.49,20.53,20.45,20.49,53794
2015-03-30 16:00:00-04:00,20.53,20.68,20.53,20.61,105049
2015-03-31 16:00:00-04:00,20.6,20.62,20.51,20.61,140183
2015-04-01 16:00:00-04:00,20.59,20.59,20.47,20.55,107885
2015-04-02 16:00:00-04:00,20.45,20.5599,20.45,20.45,230047
2015-04-06 16:00:00-04:00,20.36,20.66,20.34,20.62,128298
2015-04-07 16:00:00-04:00,20.59,20.73,20.59,20.63,85956
2015-04-08 16:00:00-04:00,20.68,20.74,20.61,20.66,86921
2015-04-09 16:00:00-04:00,20.7,20.72,20.6002,20.68,121085
2015-04-10 16:00:00-04:00,20.69,20.77,20.69,20.74,117440
2015-04-13 16:00:00-04:00,20.74,20.8,20.65,20.67,81254
2015-04-14 16:00:00-04:00,20.71,20.78,20.62,20.77,82114
2015-04-15 16:00:00-04:00,20.82,20.89,20.7954,20.86,92404
2015-04-16 16:00:00-04:00,20.81,20.901,20.8,20.84,79015
2015-04-17 16:00:00-04:00,20.74,20.7589,20.58,20.63,114227
2015-04-20 16:00:00-04:00,20.7,20.8,20.7,20.72,89298
2015-04-21 16:00:00-04:00,20.72,20.72,20.61,20.66,76229
2015-04-22 16:00:00-04:00,20.64,20.66,20.58,20.63,97093
2015-04-23 16:00:00-04:00,20.63,20.65,20.5698,20.64,106779
2015-04-24 16:00:00-04:00,20.67,20.69,20.6,20.62,114992
2015-04-27 16:00:00-04:00,20.66,20.7,20.4701,20.5,100274
2015-04-28 16:00:00-04:00,20.45,20.6155,20.41,20.58,137704
2015-04-29 16:00:00-04:00,20.55,20.63,20.52,20.63,112709
2015-04-30 16:00:00-04:00,20.63,20.63,20.41,20.49,158496
2015-05-01 16:00:00-04:00,20.53,20.62,20.52,20.62,130297
2015-05-04 16:00:00-04:00,20.63,20.7599,20.62,20.66,147176
2015-05-05 16:00:00-04:00,20.65,20.68,20.51,20.53,93404
2015-05-06 16:00:00-04:00,20.6,20.6,20.35,20.41,134863
2015-05-07 16:00:00-04:00,20.43,20.47,20.37,20.46,96713
2015-05-08 16:00:00-04:00,20.59,20.68,20.59,20.65,125281
2015-05-11 16:00:00-04:00,20.63,20.6799,20.55,20.56,105402
2015-05-12 16:00:00-04:00,20.49,20.6,20.39,20.59,99557
2015-05-13 16:00:00-04:00,20.62,20.647,20.49,20.5,97957
2015-05-14 16:00:00-04:00,20.59,20.81,20.59,20.81,156460
2015-05-15 16:00:00-04:00,20.75,20.8,20.73,20.77,73164
2015-05-18 16:00:00-04:00,20.73,20.87,20.7123,20.87,119176
2015-05-19 16:00:00-04:00,20.83,20.84,20.76,20.78,93435
2015-05-20 16:00:00-04:00,20.68,20.78,20.68,20.73,69988
2015-05-21 16:00:00-04:00,20.73,20.81,20.69,20.77,91018
2015-05-22 16:00:00-04:00,20.7,20.79,20.7,20.77,61239
2015-05-26 16:00:00-04:00,20.71,20.74,20.54,20.59,110071
2015-05-27 16:00:00-04:00,20.62,20.72,20.59,20.69,87901
2015-05-28 16:00:00-04:00,20.64,20.68,20.6,20.68,64338
2015-05-29 16:00:00-04:00,20.71,20.71,20.58,20.65,118588
2015-06-01 16:00:00-04:00,20.65,20.73,20.59,20.65,87904
2015-06-02 16:00:00-04:00,20.61,20.685,20.51,20.65,86134
2015-06-03 16:00:00-04:00,20.64,20.6851,20.59,20.62,78471
2015-06-04 16:00:00-04:00,20.54,20.65,20.41,20.42,106927
2015-06-05 16:00:00-04:00,20.37,20.46,20.3301,20.4,118868
2015-06-08 16:00:00-04:00,20.33,20.3699,20.19,20.21,155600
2015-06-09 16:00:00-04:00,20.16,20.2201,20.11,20.16,194731
2015-06-10 16:00:00-04:00,20.21,20.4,20.21,20.35,97409
2015-06-11 16:00:00-04:00,20.42,20.47,20.37,20.46,84639
2015-06-12 16:00:00-04:00,20.41,20.41,20.31,20.39,95155
2015-06-15 16:00:00-04:00,20.27,20.33,20.18,20.298,75820
2015-06-16 16:00:00-04:00,20.24,20.3499,20.22,20.32,142445
2015-06-17 16:00:00-04:00,20.35,20.41,20.2801,20.38,92377
2015-06-18 16:00:00-04:00,20.36,20.53,20.35,20.51,109370
2015-06-19 16:00:00-04:00,20.35,20.42,20.14,20.37,88764
2015-06-22 16:00:00-04:00,20.44,20.5037,20.4,20.42,93320
2015-06-23 16:00:00-04:00,20.44,20.47,20.37,20.42,79166
2015-06-24 16:00:00-04:00,20.36,20.38,20.3,20.3,56167
2015-06-25 16:00:00-04:00,20.35,20.35,20.17,20.2,97197
2015-06-26 16:00:00-04:00,20.17,20.2,19.98,20.01,151949
2015-06-29 16:00:00-04:00,19.86,19.88,19.49,19.5,205380
2015-06-30 16:00:00-04:00,19.69,19.82,19.61,19.8,188668
2015-07-01 16:00:00-04:00,19.96,19.99,19.7901,19.99,128211
2015-07-02 16:00:00-04:00,19.98,20.05,19.88,20.02,205724
2015-07-06 16:00:00-04:00,19.87,20.01,19.84,20.01,168797
2015-07-07 16:00:00-04:00,20.05,20.07,19.79,20.07,165316
2015-07-08 16:00:00-04:00,19.98,20.01,19.84,19.92,269796
2015-07-09 16:00:00-04:00,20.0,20.1599,19.98,20.0,195348
2015-07-10 16:00:00-04:00,20.24,20.24,20.13,20.2,145980
2015-07-13 16:00:00-04:00,20.31,20.38,20.2839,20.36,132651
2015-07-14 16:00:00-04:00,20.34,20.43,20.31,20.4,104651
2015-07-15 16:00:00-04:00,20.42,20.5,20.4,20.45,132656
2015-07-16 16:00:00-04:00,20.52,20.58,20.46,20.57,169207
2015-07-17 16:00:00-04:00,20.59,20.6,20.5,20.56,147643
2015-07-20 16:00:00-04:00,20.56,20.58,20.51,20.53,159091
2015-07-21 16:00:00-04:00,20.51,20.53,20.39,20.48,173007
2015-07-22 16:00:00-04:00,20.25,20.29,20.16,20.21,124746
2015-07-23 16:00:00-04:00,20.25,20.32,20.13,20.22,230892
2015-07-24 16:00:00-04:00,20.2,20.23,20.04,20.04,99429
2015-07-27 16:00:00-04:00,19.99,20.0,19.9,19.94,108093
2015-07-28 16:00:00-04:00,20.02,20.2025,19.96,20.18,142756
2015-07-29 16:00:00-04:00,20.13,20.2732,20.13,20.24,104694
2015-07-30 16:00:00-04:00,20.19,20.32,20.16,20.31,79939
2015-07-31 16:00:00-04:00,20.42,20.75,20.31,20.33,157994
2015-08-03 16:00:00-04:00,20.33,20.37,20.2,20.25,124790
2015-08-04 16:00:00-04:00,20.27,20.35,20.25,20.3,92598
2015-08-05 16:00:00-04:00,20.39,20.48,20.3656,20.39,107349
2015-08-06 16:00:00-04:00,20.36,20.37,20.21,20.29,153537
2015-08-07 16:00:00-04:00,20.3,20.3,20.17,20.21,80537
2015-08-10 16:00:00-04:00,20.25,20.37,20.25,20.35,69075
2015-08-11 16:00:00-04:00,20.22,20.3034,20.21,20.26,168507
2015-08-12 16:00:00-04:00,20.16,20.26,20.01,20.2,131365
2015-08-13 16:00:00-04:00,20.2,20.2272,20.12,20.1868,117191
2015-08-14 16:00:00-04:00,20.16,20.24,20.13,20.2,76825
2015-08-17 16:00:00-04:00,20.16,20.32,20.11,20.28,153756
2015-08-18 16:00:00-04:00,20.23,20.31,20.222,20.29,97636
2015-08-19 16:00:00-04:00,20.22,20.24,20.11,20.22,165548
2015-08-20 16:00:00-04:00,20.02,20.02,19.87,19.88,200478
2015-08-21 16:00:00-04:00,19.75,19.77,19.18,19.2,287777
2015-08-24 16:00:00-04:00,17.91,18.62,15.24,18.13,807038
2015-08-25 16:00:00-04:00,18.55,18.65,18.31,18.4,270034
2015-08-26 16:00:00-04:00,18.65,18.95,18.31,18.903,223226
2015-08-27 16:00:00-04:00,19.1,19.32,19.0301,19.22,183682
2015-08-28 16:00:00-04:00,19.22,19.47,19.21,19.43,138424
2015-08-31 16:00:00-04:00,19.4,19.42,19.26,19.29,186161
2015-09-01 16:00:00-04:00,18.95,19.01,18.7276,18.82,199753
2015-09-02 16:00:00-04:00,19.01,19.02,18.8,18.97,121830
2015-09-03 16:00:00-04:00,19.04,19.15,18.99,19.05,116301
2015-09-04 16:00:00-04:00,18.85,18.85,18.7,18.78,139458
2015-09-08 16:00:00-04:00,19.02,19.08,18.9367,19.07,98134
2015-09-09 16:00:00-04:00,19.22,19.2353,18.81,18.82,134997
2015-09-10 16:00:00-04:00,18.73,18.97,18.73,18.87,89086
2015-09-11 16:00:00-04:00,18.83,18.96,18.791,18.91,95831
2015-09-14 16:00:00-04:00,18.92,18.94,18.72,18.78,125620
2015-09-15 16:00:00-04:00,18.78,18.9696,18.7793,18.87,101102
2015-09-16 16:00:00-04:00,18.92,19.03,18.86,18.94,182808
2015-09-17 16:00:00-04:00,18.91,19.3,18.89,19.2,200862
2015-09-18 16:00:00-04:00,19.06,19.165,19.01,19.06,141903
2015-09-21 16:00:00-04:00,18.97,18.97,18.79,18.81,125576
2015-09-22 16:00:00-04:00,18.64,18.65,18.49,18.59,152864
2015-09-23 16:00:00-04:00,18.6,18.73,18.51,18.52,109713
2015-09-24 16:00:00-04:00,18.47,18.65,18.3601,18.64,231256
2015-09-25 16:00:00-04:00,18.8,18.82,18.57,18.6301,114922
2015-09-28 16:00:00-04:00,18.54,18.5401,18.15,18.2,145171
2015-09-29 16:00:00-04:00,18.18,18.29,18.031,18.09,118112
2015-09-30 16:00:00-04:00,18.31,18.46,18.28,18.38,178874
2015-10-01 16:00:00-04:00,18.38,18.46,18.24,18.45,94407
2015-10-02 16:00:00-04:00,18.25,18.57,18.16,18.57,166688
2015-10-05 16:00:00-04:00,18.67,18.9,18.65,18.89,126028
2015-10-06 16:00:00-04:00,18.87,18.99,18.87,18.99,106600
2015-10-07 16:00:00-04:00,19.05,19.1799,19.036,19.16,94474
2015-10-08 16:00:00-04:00,19.14,19.46,19.12,19.43,85366
2015-10-09 16:00:00-04:00,19.53,19.6,19.44,19.51,116205
2015-10-12 16:00:00-04:00,19.49,19.5,19.37,19.4278,77724
2015-10-13 16:00:00-04:00,19.35,19.43,19.33,19.33,70830
2015-10-14 16:00:00-04:00,19.32,19.36,19.07,19.14,136376
2015-10-15 16:00:00-04:00,19.16,19.3727,19.15,19.33,112510
2015-10-16 16:00:00-04:00,19.39,19.56,19.37,19.56,88732
2015-10-19 16:00:00-04:00,19.52,19.6167,19.5,19.61,103415
2015-10-20 16:00:00-04:00,19.55,19.72,19.55,19.69,116714
2015-10-21 16:00:00-04:00,19.64,19.66,19.53,19.55,136387
2015-10-22 16:00:00-04:00,19.65,19.87,19.63,19.83,149069
2015-10-23 16:00:00-04:00,19.98,20.07,19.91,19.95,114769
2015-10-26 16:00:00-04:00,19.93,19.95,19.83,19.83,62944
2015-10-27 16:00:00-04:00,19.81,19.86,19.73,19.76,116228
2015-10-28 16:00:00-04:00,19.81,19.85,19.72,19.8,90809
2015-10-29 16:00:00-04:00,19.8,19.81,19.73,19.79,122743
2015-10-30 16:00:00-04:00,19.78,19.98,19.76,19.94,166698
2015-11-02 16:00:00-05:00,19.96,20.05,19.92,19.99,137444
2015-11-03 16:00:00-05:00,20.02,20.19,19.9722,20.16,123165
2015-11-04 16:00:00-05:00,20.15,20.1919,20.0501,20.07,112693
2015-11-05 16:00:00-05:00,20.14,20.14,20.01,20.04,174567
2015-11-06 16:00:00-05:00,19.99,20.03,19.82,19.88,161204
2015-11-09 16:00:00-05:00,19.86,19.86,19.54,19.61,148352
2015-11-10 16:00:00-05:00,19.55,19.75,19.55,19.75,101928
2015-11-11 16:00:00-05:00,19.77,19.8399,19.72,19.78,96088
2015-11-12 16:00:00-05:00,19.64,19.71,19.53,19.53,108857
2015-11-13 16:00:00-05:00,19.5,19.55,19.28,19.34,146798
2015-11-16 16:00:00-05:00,19.35,19.55,19.35,19.55,103159
2015-11-17 16:00:00-05:00,19.56,19.67,19.52,19.6,110929
2015-11-18 16:00:00-05:00,19.63,20.06,19.58,20.02,246208
2015-11-19 16:00:00-05:00,19.93,19.93,19.74,19.76,128317
2015-11-20 16:00:00-05:00,19.82,19.93,19.82,19.91,222633
2015-11-23 16:00:00-05:00,19.92,19.92,19.78,19.82,107754
2015-11-24 16:00:00-05:00,19.69,19.81,19.68,19.768,167233
2015-11-25 16:00:00-05:00,19.74,19.8,19.72,19.8,70673
2015-11-27 16:00:00-05:00,19.78,19.83,19.76,19.83,37734
2015-11-30 16:00:00-05:00,19.82,19.87,19.79,19.85,149915
2015-12-01 16:00:00-05:00,19.89,19.96,19.86,19.94,117280
2015-12-02 16:00:00-05:00,19.89,19.92,19.72,19.73,190938
2015-12-03 16:00:00-05:00,19.78,19.78,19.45,19.5,228514
2015-12-04 16:00:00-05:00,19.46,19.768,19.46,19.74,113912
2015-12-07 16:00:00-05:00,19.66,19.708,19.49,19.49,123057
2015-12-08 16:00:00-05:00,19.24,19.51,19.24,19.49,124330
2015-12-09 16:00:00-05:00,19.35,19.54,19.26,19.3,130164
2015-12-10 16:00:00-05:00,19.3,19.47,19.28,19.38,126376
2015-12-11 16:00:00-05:00,19.11,19.21,19.01,19.04,183756
2015-12-14 16:00:00-05:00,18.98,19.08,18.7,18.74,214809
2015-12-15 16:00:00-05:00,18.89,19.0,18.84,18.99,158866
2015-12-16 16:00:00-05:00,19.06,19.327,19.06,19.3,184639
2015-12-17 16:00:00-05:00,19.33,19.36,19.15,19.17,187201
2015-12-18 16:00:00-05:00,19.12,19.13,19.0238,19.06,124843
2015-12-21 16:00:00-05:00,18.95,19.02,18.89,18.98,165942
2015-12-22 16:00:00-05:00,19.0,19.25,18.959,19.24,148162
2015-12-23 16:00:00-05:00,19.32,19.48,19.31,19.48,176112
2015-12-24 16:00:00-05:00,19.5,19.59,19.46,19.56,83870
2015-12-28 16:00:00-05:00,19.54,19.54,19.29,19.34,254705
2015-12-29 16:00:00-05:00,19.5,19.56,19.48,19.55,119352
2015-12-30 16:00:00-05:00,19.6,19.61,19.51,19.52,208024
2015-12-31 16:00:00-05:00,19.5,19.64,19.32,19.34,193643
2016-01-04 16:00:00-05:00,18.99,19.12,18.86,19.08,217884
2016-01-05 16:00:00-05:00,19.13,19.19,19.0158,19.02,172505
2016-01-06 16:00:00-05:00,18.9,19.02,18.81,18.83,230138
2016-01-07 16:00:00-05:00,18.65,18.74,18.52,18.57,193781
2016-01-08 16:00:00-05:00,18.59,18.6586,18.29,18.29,200599
2016-01-11 16:00:00-05:00,18.39,18.39,17.88,18.07,416513
2016-01-12 16:00:00-05:00,18.22,18.3099,18.015,18.23,166999
2016-01-13 16:00:00-05:00,18.3,18.3,17.69,17.74,197642
2016-01-14 16:00:00-05:00,17.75,18.12,17.44,18.05,239788
2016-01-15 16:00:00-05:00,17.68,17.7,17.4101,17.59,236854
2016-01-19 16:00:00-05:00,17.7,17.77,17.3,17.39,209783
2016-01-20 16:00:00-05:00,16.89,17.06,16.372,16.88,385297
2016-01-21 16:00:00-05:00,17.01,17.2648,16.95,17.19,273496
2016-01-22 16:00:00-05:00,17.4,17.65,17.4,17.64,191665
2016-01-25 16:00:00-05:00,17.59,17.59,17.24,17.24,130225
2016-01-26 16:00:00-05:00,17.3,17.51,17.3,17.47,147498
2016-01-27 16:00:00-05:00,17.45,17.58,17.286,17.36,154376
2016-01-28 16:00:00-05:00,17.62,17.81,17.44,17.8,260505
2016-01-29 16:00:00-05:00,17.98,18.26,17.9299,18.26,207603
2016-02-01 16:00:00-05:00,18.16,18.27,18.09,18.17,126329
2016-02-02 16:00:00-05:00,18.03,18.03,17.86,17.98,102539
2016-02-03 16:00:00-05:00,18.08,18.19,17.82,18.16,436264
2016-02-04 16:00:00-05:00,18.1,18.3,18.05,18.22,221756
2016-02-05 16:00:00-05:00,18.15,18.15,17.8,17.89,153209
2016-02-08 16:00:00-05:00,17.71,17.71,17.3,17.37,153121
2016-02-09 16:00:00-05:00,17.25,17.38,17.11,17.17,286157
2016-02-10 16:00:00-05:00,17.12,17.34,17.05,17.15,211488
2016-02-11 16:00:00-05:00,17.08,17.08,16.61,16.78,272672
2016-02-12 16:00:00-05:00,16.94,17.13,16.85,17.04,182264
2016-02-16 16:00:00-05:00,17.2,17.52,17.13,17.5,235524
2016-02-17 16:00:00-05:00,17.51,17.92,17.4992,17.84,231375
2016-02-18 16:00:00-05:00,17.74,17.82,17.59,17.62,118951
2016-02-19 16:00:00-05:00,17.56,17.89,17.39,17.72,217292
2016-02-22 16:00:00-05:00,17.93,17.95,17.75,17.78,183837
2016-02-23 16:00:00-05:00,17.75,17.83,17.6,17.65,150399
2016-02-24 16:00:00-05:00,17.5,17.89,17.43,17.87,105326
2016-02-25 16:00:00-05:00,17.93,17.96,17.83,17.96,89992
2016-02-26 16:00:00-05:00,18.02,18.23,18.016,18.18,97061
2016-02-29 16:00:00-05:00,18.22,18.27,17.92,18.0,212553
2016-03-01 16:00:00-05:00,18.09,18.49,18.01,18.46,126324
2016-03-02 16:00:00-05:00,18.37,18.51,18.34,18.5,85690
2016-03-03 16:00:00-05:00,18.47,18.48,18.33,18.34,250756
2016-03-04 16:00:00-05:00,18.32,18.62,18.32,18.6,149974
2016-03-07 16:00:00-05:00,18.47,18.61,18.44,18.57,127390
2016-03-08 16:00:00-05:00,18.5,18.62,18.39,18.47,138089
2016-03-09 16:00:00-05:00,18.53,18.65,18.49,18.49,128740
2016-03-10 16:00:00-05:00,18.63,18.68,18.37,18.52,129620
2016-03-11 16:00:00-05:00,18.67,18.92,18.61,18.89,101429
2016-03-14 16:00:00-04:00,18.91,19.04,18.86,19.02,116279
2016-03-15 16:00:00-04:00,18.89,18.96,18.81,18.95,147887
2016-03-16 16:00:00-04:00,18.88,19.14,18.88,19.14,104325
2016-03-17 16:00:00-04:00,19.1,19.28,19.07,19.23,119475
2016-03-18 16:00:00-04:00,19.28,19.38,19.23,19.38,97749
2016-03-21 16:00:00-04:00,19.4,19.52,19.38,19.51,140884
2016-03-22 16:00:00-04:00,19.33,19.43,19.22,19.38,102885
2016-03-23 16:00:00-04:00,19.36,19.37,19.15,19.15,118791
2016-03-24 16:00:00-04:00,19.0,19.13,19.0,19.04,116755
2016-03-28 16:00:00-04:00,19.11,19.19,19.07,19.15,117021
2016-03-29 16:00:00-04:00,19.1,19.33,19.08,19.31,88187
2016-03-30 16:00:00-04:00,19.36,19.39,19.22,19.25,208818
2016-03-31 16:00:00-04:00,19.22,19.3,19.17,19.19,175863
2016-04-01 16:00:00-04:00,19.11,19.41,19.0301,19.41,127104
2016-04-04 16:00:00-04:00,19.36,19.38,19.07,19.36,136228
2016-04-05 16:00:00-04:00,19.21,19.2599,19.05,19.11,154902
2016-04-06 16:00:00-04:00,19.23,19.35,19.1,19.35,101921
2016-04-07 16:00:00-04:00,19.16,19.238,18.93,18.95,169398
2016-04-08 16:00:00-04:00,19.12,19.12,19.0,19.0,103717
2016-04-11 16:00:00-04:00,19.12,19.13,19.03,19.05,83974
2016-04-12 16:00:00-04:00,19.1,19.22,19.04,19.21,121283
2016-04-13 16:00:00-04:00,19.21,19.44,19.21,19.4,127791
2016-04-14 16:00:00-04:00,19.37,19.4299,19.29,19.31,108682
2016-04-15 16:00:00-04:00,19.31,19.35,19.24,19.35,95340
2016-04-18 16:00:00-04:00,19.33,19.58,19.287,19.58,154486
2016-04-19 16:00:00-04:00,19.66,19.87,19.62,19.81,227960
2016-04-20 16:00:00-04:00,19.66,19.87,19.61,19.79,104949
2016-04-21 16:00:00-04:00,19.84,19.92,19.8199,19.87,184550
2016-04-22 16:00:00-04:00,19.84,19.9,19.77,19.87,105297
2016-04-25 16:00:00-04:00,19.86,19.86,19.65,19.72,134553
2016-04-26 16:00:00-04:00,19.78,19.96,19.78,19.95,122802
2016-04-27 16:00:00-04:00,19.96,20.18,19.9276,20.16,150954
2016-04-28 16:00:00-04:00,20.07,20.21,20.0001,20.06,108816
2016-04-29 16:00:00-04:00,20.04,20.1,19.9,20.09,161107
2016-05-02 16:00:00-04:00,20.05,20.16,19.99,20.05,130980
2016-05-03 16:00:00-04:00,19.99,20.0193,19.76,19.83,107580
2016-05-04 16:00:00-04:00,19.81,19.93,19.765,19.9,129078
2016-05-05 16:00:00-04:00,19.91,20.14,19.91,20.08,181435
2016-05-06 16:00:00-04:00,20.04,20.34,19.92,20.33,165652
2016-05-09 16:00:00-04:00,20.29,20.32,20.04,20.08,178032
2016-05-10 16:00:00-04:00,20.08,20.14,19.92,20.01,305763
2016-05-11 16:00:00-04:00,20.02,20.07,19.85,19.92,234101
2016-05-12 16:00:00-04:00,19.91,19.9774,19.83,19.9,232732
2016-05-13 16:00:00-04:00,19.86,19.96,19.82,19.83,195173
2016-05-16 16:00:00-04:00,19.83,20.06,19.81,19.98,215581
2016-05-17 16:00:00-04:00,19.92,20.1,19.87,20.1,270664
2016-05-18 16:00:00-04:00,20.06,20.18,19.94,20.12,187787
2016-05-19 16:00:00-04:00,20.0,20.05,19.78,19.96,302585
2016-05-20 16:00:00-04:00,19.81,19.96,19.81,19.89,119466
2016-05-23 16:00:00-04:00,19.93,19.97,19.67,19.67,211363
2016-05-24 16:00:00-04:00,19.7,20.14,19.7,20.14,211208
2016-05-25 16:00:00-04:00,20.21,20.32,20.1,20.26,155214
2016-05-26 16:00:00-04:00,20.2,20.33,20.19,20.31,74607
2016-05-27 16:00:00-04:00,20.36,20.56,20.3,20.54,133007
2016-05-31 16:00:00-04:00,20.67,20.6999,20.33,20.42,173781
2016-06-01 16:00:00-04:00,20.33,20.47,20.26,20.43,97898
2016-06-02 16:00:00-04:00,20.32,20.54,20.3,20.49,116651
2016-06-03 16:00:00-04:00,20.44,20.4876,20.28,20.42,96861
2016-06-06 16:00:00-04:00,20.39,20.47,20.36,20.37,143176
2016-06-07 16:00:00-04:00,20.35,20.48,20.32,20.41,149025
2016-06-08 16:00:00-04:00,20.38,20.45,20.32,20.39,174337
2016-06-09 16:00:00-04:00,20.38,20.38,20.28,20.36,135114
2016-06-10 16:00:00-04:00,20.26,20.34,20.18,20.3,101968
2016-06-13 16:00:00-04:00,20.2,20.33,20.08,20.08,175663
2016-06-14 16:00:00-04:00,20.1,20.1,19.9,20.0,188126
2016-06-15 16:00:00-04:00,20.0,20.09,19.97,19.99,199843
2016-06-16 16:00:00-04:00,19.92,20.26,19.78,20.24,161586
2016-06-17 16:00:00-04:00,20.26,20.26,20.1301,20.17,156548
2016-06-20 16:00:00-04:00,20.38,20.44,20.28,20.36,207859
2016-06-21 16:00:00-04:00,20.21,20.26,20.114,20.21,125579
2016-06-22 16:00:00-04:00,20.21,20.39,20.17,20.18,155789
2016-06-23 16:00:00-04:00,20.36,20.44,20.25,20.29,96878
2016-06-24 16:00:00-04:00,19.67,20.08,19.67,20.04,196373
2016-06-27 16:00:00-04:00,19.92,19.92,19.51,19.53,209776
2016-06-28 16:00:00-04:00,19.6,19.92,19.6,19.83,160487
2016-06-29 16:00:00-04:00,19.95,20.07,19.88,20.02,352308
2016-06-30 16:00:00-04:00,20.19,20.32,19.88,20.13,207421
2016-07-01 16:00:00-04:00,20.19,20.35,20.19,20.33,128861
2016-07-05 16:00:00-04:00,20.18,20.27,19.99,20.24,190800
2016-07-06 16:00:00-04:00,20.2,20.45,20.15,20.37,160300
2016-07-07 16:00:00-04:00,20.41,20.55,20.39,20.4,174706
2016-07-08 16:00:00-04:00,20.54,20.55,20.42,20.52,141947
2016-07-11 16:00:00-04:00,20.49,20.6236,20.49,20.58,125972
2016-07-12 16:00:00-04:00,20.64,20.83,20.6141,20.67,151801
2016-07-13 16:00:00-04:00,20.65,20.73,20.61,20.71,135537
2016-07-14 16:00:00-04:00,20.81,20.965,20.76,20.76,223235
2016-07-15 16:00:00-04:00,20.77,20.929,20.72,20.72,97028
2016-07-18 16:00:00-04:00,20.71,20.99,20.7,20.93,194699
2016-07-19 16:00:00-04:00,20.93,20.97,20.81,20.89,153259
2016-07-20 16:00:00-04:00,20.84,20.88,20.8,20.85,138777
2016-07-21 16:00:00-04:00,20.77,20.8,20.59,20.59,247733
2016-07-22 16:00:00-04:00,20.6,20.81,20.6,20.81,91846
2016-07-25 16:00:00-04:00,20.78,20.79,20.7301,20.74,80979
2016-07-26 16:00:00-04:00,20.74,20.95,20.74,20.85,112289
2016-07-27 16:00:00-04:00,20.94,20.97,20.86,20.89,96705
2016-07-28 16:00:00-04:00,20.86,20.99,20.81,20.92,126614
2016-07-29 16:00:00-04:00,21.0,21.07,20.81,21.0,137222
2016-08-01 16:00:00-04:00,20.96,20.99,20.68,20.7,159910
2016-08-02 16:00:00-04:00,20.72,20.7936,20.63,20.76,126710
2016-08-03 16:00:00-04:00,20.72,20.7635,20.64,20.67,89045
2016-08-04 16:00:00-04:00,20.71,20.749,20.6,20.62,103706
2016-08-05 16:00:00-04:00,20.64,20.74,20.64,20.66,151783
2016-08-08 16:00:00-04:00,20.7,20.75,20.64,20.68,161444
2016-08-09 16:00:00-04:00,20.66,20.9,20.66,20.88,85735
2016-08-10 16:00:00-04:00,20.81,20.89,20.63,20.67,285986
2016-08-11 16:00:00-04:00,20.67,20.8216,20.67,20.7,78699
2016-08-12 16:00:00-04:00,20.69,20.97,20.67,20.95,112425
2016-08-15 16:00:00-04:00,21.0,21.04,20.85,20.93,86696
2016-08-16 16:00:00-04:00,20.88,21.0,20.87,20.9701,122557
2016-08-17 16:00:00-04:00,20.91,21.0,20.8701,20.93,90140
2016-08-18 16:00:00-04:00,20.9,21.08,20.899,21.06,76621
2016-08-19 16:00:00-04:00,21.06,21.25,21.02,21.23,125071
2016-08-22 16:00:00-04:00,21.04,21.045,20.88,20.93,197791
2016-08-23 16:00:00-04:00,20.97,21.0,20.89,20.92,89059
2016-08-24 16:00:00-04:00,20.9,20.93,20.79,20.8,98656
2016-08-25 16:00:00-04:00,20.66,20.84,20.66,20.74,271858
2016-08-26 16:00:00-04:00,20.79,20.91,20.78,20.85,83543
2016-08-29 16:00:00-04:00,20.81,20.88,20.73,20.83,109939
2016-08-30 16:00:00-04:00,20.75,20.84,20.72,20.77,113469
2016-08-31 16:00:00-04:00,20.83,20.931,20.7515,20.88,160093
2016-09-01 16:00:00-04:00,20.89,20.9,20.6186,20.67,123439
2016-09-02 16:00:00-04:00,20.76,20.78,20.72,20.74,71865
2016-09-06 16:00:00-04:00,20.82,20.88,20.73,20.85,122090
2016-09-07 16:00:00-04:00,20.83,20.92,20.83,20.83,90581
2016-09-08 16:00:00-04:00,20.83,20.865,20.77,20.84,79811
2016-09-09 16:00:00-04:00,20.72,20.74,20.36,20.39,125896
2016-09-12 16:00:00-04:00,20.25,20.55,20.25,20.48,171571
2016-09-13 16:00:00-04:00,20.34,20.47,20.25,20.4,150949
2016-09-14 16:00:00-04:00,20.47,20.49,20.11,20.16,147204
2016-09-15 16:00:00-04:00,20.13,20.39,20.0801,20.36,87123
2016-09-16 16:00:00-04:00,20.36,20.36,20.11,20.16,108980
2016-09-19 16:00:00-04:00,20.18,20.38,20.18,20.24,93543
2016-09-20 16:00:00-04:00,20.34,20.3788,20.22,20.23,89594
2016-09-21 16:00:00-04:00,20.14,20.2,19.99,20.1,213539
2016-09-22 16:00:00-04:00,20.24,20.32,20.19,20.31,93670
2016-09-23 16:00:00-04:00,20.26,20.29,20.12,20.2822,102228
2016-09-26 16:00:00-04:00,20.15,20.28,20.06,20.25,83152
2016-09-27 16:00:00-04:00,20.23,20.37,20.18,20.36,134058
2016-09-28 16:00:00-04:00,20.4,20.4,20.18,20.31,71763
2016-09-29 16:00:00-04:00,20.28,20.28,20.04,20.06,128113
2016-09-30 16:00:00-04:00,20.18,20.29,20.09,20.15,146774
2016-10-03 16:00:00-04:00,20.13,20.25,20.085,20.23,77172
2016-10-04 16:00:00-04:00,20.17,20.218,20.01,20.03,127115
2016-10-05 16:00:00-04:00,20.09,20.1399,19.98,20.0,117389
2016-10-06 16:00:00-04:00,19.98,20.09,19.9,20.09,102598
2016-10-07 16:00:00-04:00,20.06,20.12,19.91,19.93,109612
2016-10-10 16:00:00-04:00,20.05,20.15,20.02,20.1,89509
2016-10-11 16:00:00-04:00,20.09,20.09,19.86,19.91,111831
2016-10-12 16:00:00-04:00,19.9,20.01,19.88,19.94,122057
2016-10-13 16:00:00-04:00,19.81,19.84,19.55,19.67,184645
2016-10-14 16:00:00-04:00,19.72,19.87,19.66,19.7,109230
2016-10-17 16:00:00-04:00,19.72,19.73,19.28,19.6,294416
2016-10-18 16:00:00-04:00,19.79,19.8,19.602,19.74,70410
2016-10-19 16:00:00-04:00,19.78,19.94,19.66,19.92,183614
2016-10-20 16:00:00-04:00,19.74,19.77,19.71,19.7474,72733
2016-10-21 16:00:00-04:00,19.64,19.76,19.6,19.75,69701
2016-10-24 16:00:00-04:00,19.86,19.93,19.759,19.8,141337
2016-10-25 16:00:00-04:00,19.76,19.8,19.64,19.67,106277
2016-10-26 16:00:00-04:00,19.6,19.68,19.49,19.54,139986
2016-10-27 16:00:00-04:00,19.54,19.66,19.48,19.48,102107
2016-10-28 16:00:00-04:00,19.45,19.59,19.35,19.43,148535
2016-10-31 16:00:00-04:00,19.44,19.44,19.34,19.39,122517
2016-11-01 16:00:00-04:00,19.35,19.35,19.1893,19.34,156564
2016-11-02 16:00:00-04:00,19.23,19.2804,18.71,18.79,361789
2016-11-03 16:00:00-04:00,18.77,18.9126,18.74,18.8,166588
2016-11-04 16:00:00-04:00,18.84,18.84,18.62,18.66,217972
2016-11-07 16:00:00-05:00,18.8,19.1,18.8,19.09,216067
2016-11-08 16:00:00-05:00,18.98,19.19,18.87,19.11,170680
2016-11-09 16:00:00-05:00,18.82,19.38,18.7,19.34,251725
2016-11-10 16:00:00-05:00,19.44,19.74,19.3,19.73,194797
2016-11-11 16:00:00-05:00,19.57,19.814,19.57,19.75,137539
2016-11-14 16:00:00-05:00,19.78,19.89,19.71,19.81,300795
2016-11-15 16:00:00-05:00,19.83,19.97,19.754,19.95,161102
2016-11-16 16:00:00-05:00,19.89,20.06,19.89,20.0,179619
2016-11-17 16:00:00-05:00,19.96,20.27,19.96,20.17,223805
2016-11-18 16:00:00-05:00,20.2,20.22,20.06,20.2,149488
2016-11-21 16:00:00-05:00,20.01,20.16,20.01,20.1102,147323
2016-11-22 16:00:00-05:00,20.19,20.25,20.12,20.12,159593
2016-11-23 16:00:00-05:00,20.09,20.17,20.03,20.15,91170
2016-11-25 13:00:00-05:00,20.11,20.28,20.08,20.25,72804
2016-11-28 16:00:00-05:00,20.26,20.28,20.06,20.0724,82493
2016-11-29 16:00:00-05:00,20.02,20.09,19.92,19.95,132340
2016-11-30 16:00:00-05:00,20.03,20.14,19.88,19.88,300452
2016-12-01 16:00:00-05:00,19.94,20.06,19.9,19.96,125742
2016-12-02 16:00:00-05:00,19.97,20.06,19.9,20.02,128458
2016-12-05 16:00:00-05:00,20.0,20.11,19.91,19.92,166920
2016-12-06 16:00:00-05:00,19.91,20.12,19.9001,20.03,154919
2016-12-07 16:00:00-05:00,19.97,20.22,19.97,20.2,174879
2016-12-08 16:00:00-05:00,20.18,20.23,20.11,20.19,312495
2016-12-09 16:00:00-05:00,20.26,20.4,20.201,20.33,227936
2016-12-12 16:00:00-05:00,20.29,20.45,20.26,20.45,148616
2016-12-13 16:00:00-05:00,20.48,20.56,20.4,20.5,220501
2016-12-14 16:00:00-05:00,20.47,20.494,20.33,20.41,155106
2016-12-15 16:00:00-05:00,20.42,20.4927,20.36,20.39,215882
2016-12-16 16:00:00-05:00,20.46,20.58,20.4,20.56,182826
2016-12-19 16:00:00-05:00,20.63,20.65,20.47,20.49,117516
2016-12-20 16:00:00-05:00,20.57,20.65,20.55,20.64,123336
2016-12-21 16:00:00-05:00,20.45,20.54,20.36,20.39,187886
2016-12-22 16:00:00-05:00,20.43,20.56,20.394,20.56,121575
2016-12-23 16:00:00-05:00,20.55,20.5638,20.4657,20.51,81448
2016-12-27 16:00:00-05:00,20.45,20.51,20.43,20.45,96124
2016-12-28 16:00:00-05:00,20.54,20.57,20.41,20.43,173899
2016-12-29 16:00:00-05:00,20.44,20.47,20.41,20.45,94314
2016-12-30 16:00:00-05:00,20.56,20.65,20.48,20.54,161602
2017-01-03 16:00:00-05:00,20.69,20.72,20.59,20.72,167888
2017-01-04 16:00:00-05:00,20.79,20.87,20.7,20.86,87715
2017-01-05 16:00:00-05:00,20.68,20.75,20.65,20.67,178074
2017-01-06 16:00:00-05:00,20.74,21.21,20.74,21.12,345774
2017-01-09 16:00:00-05:00,21.17,21.23,21.08,21.1,350168
2017-01-10 16:00:00-05:00,21.18,21.25,21.05,21.1,243813
2017-01-11 16:00:00-05:00,21.15,21.25,21.1,21.17,223218
2017-01-12 16:00:00-05:00,21.17,21.21,21.05,21.17,171563
2017-01-13 16:00:00-05:00,21.15,21.25,21.15,21.21,150016
2017-01-17 16:00:00-05:00,21.12,21.22,21.12,21.18,136196
2017-01-18 16:00:00-05:00,21.21,21.23,21.15,21.23,128339
2017-01-19 16:00:00-05:00,21.18,21.25,21.15,21.16,186635
2017-01-20 16:00:00-05:00,21.21,21.31,21.21,21.21,133291
2017-01-23 16:00:00-05:00,21.21,21.31,21.17,21.2,144323
2017-01-24 16:00:00-05:00,21.27,21.445,21.21,21.44,139732
2017-01-25 16:00:00-05:00,21.45,21.481,21.36,21.45,205185
2017-01-26 16:00:00-05:00,21.41,21.52,21.41,21.5,152051
2017-01-27 16:00:00-05:00,21.5,21.55,21.47,21.5099,104487
2017-01-30 16:00:00-05:00,21.5,21.52,21.32,21.52,141055
2017-01-31 16:00:00-05:00,21.49,21.69,21.41,21.69,181986
2017-02-01 16:00:00-05:00,21.71,21.74,21.6,21.72,125608
2017-02-02 16:00:00-05:00,21.68,21.73,21.64,21.68,140660
2017-02-03 16:00:00-05:00,21.7,21.8133,21.7,21.78,150006
2017-02-06 16:00:00-05:00,21.8,21.93,21.8,21.87,140047
2017-02-07 16:00:00-05:00,21.87,21.94,21.85,21.85,153684
2017-02-08 16:00:00-05:00,21.88,21.9329,21.82,21.85,192135
2017-02-09 16:00:00-05:00,21.88,22.0205,21.85,21.88,150679
2017-02-10 16:00:00-05:00,21.92,21.92,21.83,21.83,243325
2017-02-13 16:00:00-05:00,21.91,22.0,21.9,21.92,196283
2017-02-14 16:00:00-05:00,21.95,22.06,21.9,22.04,147144
2017-02-15 16:00:00-05:00,22.07,22.2,22.05,22.14,256568
2017-02-16 16:00:00-05:00,22.03,22.03,21.77,21.8,243932
2017-02-17 16:00:00-05:00,21.73,21.85,21.68,21.79,115819
2017-02-21 16:00:00-05:00,21.8,21.99,21.8,21.92,141728
2017-02-22 16:00:00-05:00,21.93,22.0,21.88,21.92,131664
2017-02-23 16:00:00-05:00,22.0,22.06,21.9852,22.0,121146
2017-02-24 16:00:00-05:00,21.94,21.99,21.81,21.9,133706
2017-02-27 16:00:00-05:00,21.94,21.99,21.88,21.91,215233
2017-02-28 16:00:00-05:00,21.93,22.0,21.8662,21.91,254432
2017-03-01 16:00:00-05:00,22.0,22.26,21.9838,22.18,194380
2017-03-02 16:00:00-05:00,22.13,22.1599,21.95,21.95,145368
2017-03-03 16:00:00-05:00,22.01,22.09,21.75,21.85,243841
2017-03-06 16:00:00-05:00,21.8,21.9,21.79,21.89,118794
2017-03-07 16:00:00-05:00,21.85,21.89,21.81,21.81,143497
2017-03-08 16:00:00-05:00,21.83,21.89,21.59,21.59,135460
2017-03-09 16:00:00-05:00,21.55,21.6543,21.23,21.23,252765
2017-03-10 16:00:00-05:00,21.23,21.35,21.16,21.28,236971
2017-03-13 16:00:00-04:00,21.31,21.41,21.25,21.39,94936
2017-03-14 16:00:00-04:00,21.33,21.3378,21.19,21.27,79942
2017-03-15 16:00:00-04:00,21.33,21.4,21.23,21.38,124696
2017-03-16 16:00:00-04:00,21.43,21.47,21.32,21.34,145685
2017-03-17 16:00:00-04:00,21.34,21.49,21.31,21.41,129194
2017-03-20 16:00:00-04:00,21.42,21.45,21.36,21.43,102647
2017-03-21 16:00:00-04:00,21.47,21.47,21.2577,21.35,131776
2017-03-22 16:00:00-04:00,21.23,21.24,21.05,21.09,109255
2017-03-23 16:00:00-04:00,21.09,21.31,21.07,21.24,98432
2017-03-24 16:00:00-04:00,21.22,21.33,21.16,21.26,100600
2017-03-27 16:00:00-04:00,21.14,21.17,20.96,20.99,157051
2017-03-28 16:00:00-04:00,20.96,21.22,20.96,21.18,148164
2017-03-29 16:00:00-04:00,21.22,21.2469,21.14,21.15,97590
2017-03-30 16:00:00-04:00,21.13,21.34,21.13,21.21,100479
2017-03-31 16:00:00-04:00,21.23,21.33,21.15,21.15,158801
2017-04-03 16:00:00-04:00,21.16,21.35,21.1,21.33,172715
2017-04-04 16:00:00-04:00,21.21,21.24,21.09,21.14,210928
2017-04-05 16:00:00-04:00,21.18,21.29,21.18,21.22,159429
2017-04-06 16:00:00-04:00,21.26,21.3,21.19,21.25,172971
2017-04-07 16:00:00-04:00,21.23,21.33,21.14,21.3,199550
2017-04-10 16:00:00-04:00,21.32,21.43,21.3,21.39,127980
2017-04-11 16:00:00-04:00,21.39,21.53,21.27,21.53,137427
2017-04-12 16:00:00-04:00,21.48,21.53,21.4,21.53,122589
2017-04-13 16:00:00-04:00,21.51,21.51,21.41,21.45,135747
2017-04-17 16:00:00-04:00,21.54,21.61,21.44,21.61,152918
2017-04-18 16:00:00-04:00,21.54,21.69,21.54,21.68,121092
2017-04-19 16:00:00-04:00,21.62,21.6201,21.4867,21.54,101659
2017-04-20 16:00:00-04:00,21.58,21.7,21.5,21.69,108616
2017-04-21 16:00:00-04:00,21.62,21.71,21.52,21.6,140942
2017-04-24 16:00:00-04:00,21.71,21.75,21.59,21.64,128012
2017-04-25 16:00:00-04:00,21.69,21.8,21.62,21.74,184490
2017-04-26 16:00:00-04:00,21.73,21.8699,21.73,21.82,101774
2017-04-27 16:00:00-04:00,21.79,21.84,21.753,21.78,145492
2017-04-28 16:00:00-04:00,21.85,21.98,21.8,21.8,196816
2017-05-01 16:00:00-04:00,21.88,21.99,21.8559,21.97,135260
2017-05-02 16:00:00-04:00,21.92,22.02,21.89,22.0,161117
2017-05-03 16:00:00-04:00,22.0,22.04,21.9342,21.98,91988
2017-05-04 16:00:00-04:00,22.04,22.09,21.94,21.99,104052
2017-05-05 16:00:00-04:00,21.99,22.0052,21.76,21.94,149416
2017-05-08 16:00:00-04:00,21.96,22.049,21.87,21.89,78101
2017-05-09 16:00:00-04:00,21.89,21.95,21.8569,21.88,56504
2017-05-10 16:00:00-04:00,21.89,21.93,21.77,21.77,107218
2017-05-11 16:00:00-04:00,21.92,21.92,21.55,21.64,156469
2017-05-12 16:00:00-04:00,21.61,21.77,21.415,21.5,166075
2017-05-15 16:00:00-04:00,21.58,21.67,21.42,21.46,171276
2017-05-16 16:00:00-04:00,21.45,21.56,21.3984,21.45,159285
2017-05-17 16:00:00-04:00,21.31,21.37,21.12,21.14,156647
2017-05-18 16:00:00-04:00,21.16,21.4199,21.12,21.4,116875
2017-05-19 16:00:00-04:00,21.4,21.59,21.4,21.59,145742
2017-05-22 16:00:00-04:00,21.49,21.57,21.4,21.41,116499
2017-05-23 16:00:00-04:00,21.41,21.539,21.41,21.5,103932
2017-05-24 16:00:00-04:00,21.5,21.59,21.49,21.56,113443
2017-05-25 16:00:00-04:00,21.56,21.68,21.56,21.65,110777
2017-05-26 16:00:00-04:00,21.62,21.62,21.43,21.54,104000
2017-05-30 16:00:00-04:00,21.48,21.62,21.48,21.62,94524
2017-05-31 16:00:00-04:00,21.69,21.69,21.44,21.49,133623
2017-06-01 16:00:00-04:00,21.54,21.76,21.54,21.76,112290
2017-06-02 16:00:00-04:00,21.73,21.87,21.73,21.77,91802
2017-06-05 16:00:00-04:00,21.74,21.78,21.6814,21.78,92994
2017-06-06 16:00:00-04:00,21.71,21.7307,21.66,21.71,85070
2017-06-07 16:00:00-04:00,21.72,21.8701,21.72,21.82,129593
2017-06-08 16:00:00-04:00,21.84,21.9,21.78,21.87,78019
2017-06-09 16:00:00-04:00,21.83,21.95,21.83,21.93,75287
2017-06-12 16:00:00-04:00,21.93,21.93,21.61,21.67,134066
2017-06-13 16:00:00-04:00,21.73,21.83,21.7,21.81,111281
2017-06-14 16:00:00-04:00,21.81,21.95,21.73,21.78,94119
2017-06-15 16:00:00-04:00,21.65,21.7623,21.52,21.72,94795
2017-06-16 16:00:00-04:00,21.79,21.95,21.76,21.94,93979
2017-06-19 16:00:00-04:00,21.95,22.09,21.908,22.03,132882
2017-06-20 16:00:00-04:00,21.98,22.13,21.88,22.12,109004
2017-06-21 16:00:00-04:00,21.98,22.0012,21.66,21.69,117870
2017-06-22 16:00:00-04:00,21.71,21.87,21.69,21.79,146605
2017-06-23 16:00:00-04:00,21.77,21.97,21.75,21.91,87178
2017-06-26 16:00:00-04:00,21.93,21.97,21.84,21.87,126362
2017-06-27 16:00:00-04:00,21.89,21.96,21.74,21.74,126699
2017-06-28 16:00:00-04:00,21.9,21.94,21.74,21.79,127610
2017-06-29 16:00:00-04:00,21.83,21.83,21.6,21.76,106288
2017-06-30 16:00:00-04:00,21.86,21.95,21.77,21.88,140846
2017-07-03 13:00:00-04:00,21.96,22.09,21.91,22.08,88089
2017-07-05 16:00:00-04:00,22.06,22.17,21.85,22.11,129061
2017-07-06 16:00:00-04:00,22.09,22.12,21.96,21.99,101894
2017-07-07 16:00:00-04:00,21.96,22.06,21.87,21.88,112863
2017-07-10 16:00:00-04:00,21.93,22.02,21.89,21.93,115403
2017-07-11 16:00:00-04:00,21.97,22.05,21.9,21.98,106871
2017-07-12 16:00:00-04:00,22.05,22.15,22.05,22.09,88693
2017-07-13 16:00:00-04:00,22.07,22.29,22.07,22.18,104233
2017-07-14 16:00:00-04:00,22.25,22.4,22.25,22.34,121850
2017-07-17 16:00:00-04:00,22.38,22.42,22.21,22.21,124066
2017-07-18 16:00:00-04:00,22.21,22.39,22.21,22.27,105666
2017-07-19 16:00:00-04:00,22.37,22.4,22.3,22.36,96649
2017-07-20 16:00:00-04:00,22.29,22.3,22.13,22.25,101497
2017-07-21 16:00:00-04:00,22.25,22.35,22.1201,22.1252,86733
2017-07-24 16:00:00-04:00,22.14,22.23,22.07,22.08,116993
2017-07-25 16:00:00-04:00,22.14,22.3,22.12,22.29,101800
2017-07-26 16:00:00-04:00,22.29,22.34,22.08,22.08,115468
2017-07-27 16:00:00-04:00,22.14,22.14,22.02,22.05,82075
2017-07-28 16:00:00-04:00,22.05,22.14,22.02,22.14,73502
2017-07-31 16:00:00-04:00,0.0,0.0,22.09,22.09,137496
2017-08-01 16:00:00-04:00,22.13,22.21,22.03,22.06,176776
2017-08-02 16:00:00-04:00,22.1,22.18,22.04,22.06,125535
2017-08-03 16:00:00-04:00,22.08,22.11,21.96,21.97,134328
2017-08-04 16:00:00-04:00,22.04,22.12,21.98,22.1,124172
2017-08-07 16:00:00-04:00,22.09,22.178,22.04,22.1,99812
2017-08-08 16:00:00-04:00,22.14,22.19,22.1,22.14,75427
2017-08-09 16:00:00-04:00,22.06,22.07,21.89,21.92,145900
2017-08-10 16:00:00-04:00,21.89,21.89,21.14,21.21,254694
2017-08-11 16:00:00-04:00,21.01,21.47,21.01,21.41,250530
2017-08-14 16:00:00-04:00,21.54,21.75,21.52,21.56,141955
2017-08-15 16:00:00-04:00,21.62,21.68,21.5566,21.66,103774
2017-08-16 16:00:00-04:00,21.71,21.85,21.66,21.67,76733
2017-08-17 16:00:00-04:00,21.7,21.76,21.49,21.55,109373
2017-08-18 16:00:00-04:00,21.54,21.708,21.45,21.66,121636
2017-08-21 16:00:00-04:00,21.73,21.73,21.46,21.54,217552
2017-08-22 16:00:00-04:00,21.45,21.659,21.45,21.53,91786
2017-08-23 16:00:00-04:00,21.53,21.54,21.45,21.54,78667
2017-08-24 16:00:00-04:00,21.52,21.5201,21.36,21.41,84810
2017-08-25 16:00:00-04:00,21.43,21.56,21.413,21.51,92956
2017-08-28 16:00:00-04:00,21.52,21.64,21.46,21.47,124373
2017-08-29 16:00:00-04:00,21.44,21.67,21.4101,21.63,119214
2017-08-30 16:00:00-04:00,21.67,21.68,21.5769,21.64,99224
2017-08-31 16:00:00-04:00,21.67,21.84,21.6586,21.73,154791
2017-09-01 16:00:00-04:00,21.8,21.92,21.67,21.81,105005
2017-09-05 16:00:00-04:00,21.75,21.793,21.57,21.62,83168
2017-09-06 16:00:00-04:00,21.68,21.7296,21.6,21.64,110753
2017-09-07 16:00:00-04:00,21.71,21.76,21.64,21.72,84873
2017-09-08 16:00:00-04:00,21.74,21.86,21.71,21.76,77315
2017-09-11 16:00:00-04:00,21.9,22.0,21.8301,21.95,78719
2017-09-12 16:00:00-04:00,21.99,22.1,21.9694,22.1,76003
2017-09-13 16:00:00-04:00,22.04,22.1199,21.98,22.0,77925
2017-09-14 16:00:00-04:00,22.04,22.04,21.86,21.88,82379
2017-09-15 16:00:00-04:00,21.89,21.99,21.86,21.91,101080
2017-09-18 16:00:00-04:00,21.95,22.05,21.9,21.91,111453
2017-09-19 16:00:00-04:00,21.97,22.19,21.945,22.19,132265
2017-09-20 16:00:00-04:00,22.12,22.22,22.12,22.17,133053
2017-09-21 16:00:00-04:00,21.98,22.05,21.97,22.0,71680
2017-09-22 16:00:00-04:00,21.92,22.05,21.92,21.99,59700
2017-09-25 16:00:00-04:00,21.99,22.09,21.9768,22.04,81612
2017-09-26 16:00:00-04:00,22.09,22.18,22.0289,22.06,83734
2017-09-27 16:00:00-04:00,22.09,22.19,22.04,22.11,81301
2017-09-28 16:00:00-04:00,22.01,22.13,22.01,22.07,84235
2017-09-29 16:00:00-04:00,22.11,22.2,22.05,22.13,114489
2017-10-02 16:00:00-04:00,22.17,22.35,22.155,22.27,150588
2017-10-03 16:00:00-04:00,22.29,22.31,22.19,22.24,124866
2017-10-04 16:00:00-04:00,22.17,22.274,22.12,22.2,92704
2017-10-05 16:00:00-04:00,22.24,22.32,22.205,22.31,103091
2017-10-06 16:00:00-04:00,22.37,22.37,22.2,22.27,91136
2017-10-09 16:00:00-04:00,22.32,22.3299,22.2584,22.28,70830
2017-10-10 16:00:00-04:00,22.34,22.41,22.31,22.38,80716
2017-10-11 16:00:00-04:00,22.37,22.4135,22.37,22.3811,7897
2017-10-12 16:00:00-04:00,22.44,22.48,22.4,22.4,60597
2017-10-13 16:00:00-04:00,22.43,22.43,22.34,22.38,61393
2017-10-16 16:00:00-04:00,22.49,22.49,22.4,22.42,74763
2017-10-17 16:00:00-04:00,22.42,22.489,22.405,22.43,98783
2017-10-18 16:00:00-04:00,22.45,22.47,22.3828,22.46,78094
2017-10-19 16:00:00-04:00,22.42,22.467,22.38,22.46,94488
2017-10-20 16:00:00-04:00,22.48,22.62,22.4502,22.58,118841
2017-10-23 16:00:00-04:00,22.55,22.6,22.33,22.4,127262
2017-10-24 16:00:00-04:00,22.47,22.61,22.4683,22.49,131612
2017-10-25 16:00:00-04:00,22.48,22.563,22.31,22.32,100639
2017-10-26 16:00:00-04:00,22.41,22.46,22.27,22.3,113218
2017-10-27 16:00:00-04:00,22.37,22.49,22.37,22.41,86792
2017-10-30 16:00:00-04:00,22.4,22.43,22.35,22.43,134259
2017-10-31 16:00:00-04:00,22.5,22.5433,22.4496,22.52,130635
2017-11-01 16:00:00-04:00,22.53,22.55,22.45,22.46,102509
2017-11-02 16:00:00-04:00,22.4,22.54,22.4,22.5,65130
2017-11-03 16:00:00-04:00,22.53,22.59,22.4402,22.59,79573
2017-11-06 16:00:00-05:00,22.55,22.65,22.5,22.64,103904
2017-11-07 16:00:00-05:00,22.64,22.65,22.48,22.48,89856
2017-11-08 16:00:00-05:00,22.51,22.529,22.48,22.49,66653
2017-11-09 16:00:00-05:00,22.43,22.68,22.36,22.67,122466
2017-11-10 16:00:00-05:00,22.64,22.71,22.49,22.52,127588
2017-11-13 16:00:00-05:00,22.47,22.47,22.35,22.38,106879
2017-11-14 16:00:00-05:00,22.33,22.3743,22.01,22.07,185920
2017-11-15 16:00:00-05:00,22.01,22.3503,22.0,22.27,204469
2017-11-16 16:00:00-05:00,22.28,22.36,22.1987,22.26,95692
2017-11-17 16:00:00-05:00,22.3,22.4,22.26,22.33,94428
2017-11-20 16:00:00-05:00,22.37,22.495,22.27,22.44,108841
2017-11-21 16:00:00-05:00,22.41,22.49,22.261,22.32,161292
2017-11-22 16:00:00-05:00,22.28,22.4,22.2622,22.33,73909
2017-11-24 13:00:00-05:00,22.47,22.56,22.4164,22.53,47324
2017-11-27 16:00:00-05:00,22.53,22.535,22.31,22.31,95028
2017-11-28 16:00:00-05:00,22.36,22.459,22.3416,22.42,87395
2017-11-29 16:00:00-05:00,22.45,22.55,22.36,22.4,106084
2017-11-30 16:00:00-05:00,22.55,22.65,22.5,22.63,150809
2017-12-01 16:00:00-05:00,22.65,22.67,22.49,22.6,99068
2017-12-04 16:00:00-05:00,22.62,22.83,22.62,22.76,117387
2017-12-05 16:00:00-05:00,22.76,22.84,22.65,22.74,92293
2017-12-06 16:00:00-05:00,22.7,22.7849,22.68,22.71,90905
2017-12-07 16:00:00-05:00,22.67,22.75,22.52,22.62,76249
2017-12-08 16:00:00-05:00,22.7,22.7388,22.63,22.7,103547
