0.000000,0.293900,0.295390,0.299775,0.301127,0.299304
1.000000,0.296267,0.295474,0.299594,0.301345,0.302507
2.000000,0.298774,0.296309,0.299524,0.301331,0.303760
3.000000,0.302730,0.297994,0.299992,0.301484,0.312535
4.000000,0.306128,0.299666,0.300494,0.301619,0.312535
5.000000,0.308691,0.301295,0.300967,0.301842,0.312117
6.000000,0.312312,0.304290,0.301636,0.302561,0.320613
7.000000,0.315265,0.307019,0.302221,0.303211,0.318524
8.000000,0.315794,0.309262,0.302764,0.303555,0.315181
9.000000,0.316407,0.311267,0.303419,0.303884,0.315599
10.000000,0.318189,0.313440,0.304415,0.304330,0.321031
11.000000,0.318050,0.315181,0.305327,0.304790,0.319916
12.000000,0.319331,0.317298,0.306804,0.305449,0.324930
13.000000,0.322201,0.318997,0.308496,0.306327,0.329526
14.000000,0.324513,0.320460,0.310063,0.307149,0.327159
15.000000,0.326657,0.322423,0.311859,0.308119,0.331755
16.000000,0.330084,0.324067,0.314178,0.309113,0.337047
17.000000,0.331671,0.325501,0.316260,0.309981,0.332869
18.000000,0.331978,0.327089,0.318175,0.310872,0.331058
19.000000,0.331365,0.327939,0.319603,0.311592,0.324095
20.000000,0.329276,0.327967,0.320703,0.312266,0.321309
21.000000,0.326685,0.328384,0.321783,0.313013,0.324095
22.000000,0.323900,0.327786,0.322542,0.313798,0.318942
23.000000,0.321616,0.326797,0.322897,0.314596,0.319638
24.000000,0.320808,0.326086,0.323273,0.315404,0.320056
25.000000,0.319861,0.324568,0.323496,0.316096,0.316574
26.000000,0.318774,0.322730,0.323398,0.317029,0.318663
27.000000,0.318635,0.321267,0.323384,0.317929,0.318245
28.000000,0.317674,0.319645,0.323367,0.318665,0.314833
29.000000,0.316393,0.318600,0.323269,0.319269,0.313649
30.000000,0.313273,0.316567,0.322267,0.319325,0.300975
31.000000,0.308844,0.313809,0.321097,0.319125,0.296518
32.000000,0.305084,0.311859,0.319822,0.318981,0.299443
33.000000,0.301198,0.309436,0.318116,0.318410,0.295404
34.000000,0.297465,0.306929,0.316508,0.317825,0.294986
35.000000,0.296657,0.304965,0.314767,0.317319,0.296936
36.000000,0.295905,0.302375,0.312552,0.316390,0.292758
37.000000,0.295042,0.300063,0.310665,0.315610,0.295125
38.000000,0.295571,0.298384,0.309015,0.315039,0.298050
39.000000,0.299443,0.298454,0.308527,0.314998,0.314345
40.000000,0.305237,0.300947,0.308757,0.315160,0.325905
41.000000,0.312284,0.304095,0.308952,0.315429,0.327994
42.000000,0.318691,0.306866,0.309363,0.315504,0.327159
43.000000,0.323370,0.309471,0.309453,0.315234,0.321448
44.000000,0.325348,0.312396,0.309662,0.315137,0.324234
45.000000,0.326825,0.316031,0.310498,0.315188,0.333287
46.000000,0.327716,0.320000,0.311187,0.315035,0.332451
47.000000,0.328886,0.323788,0.311925,0.315039,0.333008
48.000000,0.330836,0.327103,0.312744,0.315044,0.331198
49.000000,0.333538,0.329443,0.313948,0.315499,0.337744
50.000000,0.333844,0.330334,0.315641,0.315949,0.334819
51.000000,0.334262,0.330989,0.317542,0.316298,0.334540
52.000000,0.334652,0.331769,0.319318,0.316831,0.334958
53.000000,0.336017,0.333426,0.321448,0.317444,0.338022
54.000000,0.336045,0.334791,0.323593,0.318039,0.337883
55.000000,0.337214,0.335529,0.325780,0.318842,0.340669
56.000000,0.338830,0.336546,0.328273,0.319640,0.342618
57.000000,0.342061,0.338357,0.331072,0.320736,0.351114
58.000000,0.345822,0.340919,0.334011,0.322136,0.356825
59.000000,0.350279,0.343162,0.336302,0.323686,0.360167
60.000000,0.354568,0.345891,0.338113,0.325724,0.362117
61.000000,0.359889,0.349359,0.340174,0.328148,0.369220
62.000000,0.362228,0.352145,0.341957,0.330260,0.362813
63.000000,0.363705,0.354763,0.344095,0.332553,0.364206
64.000000,0.363677,0.356978,0.345884,0.334721,0.360028
65.000000,0.363928,0.359248,0.347389,0.336936,0.363370
66.000000,0.362841,0.361365,0.348955,0.339304,0.363788
67.000000,0.363593,0.362911,0.350634,0.341685,0.366574
68.000000,0.363621,0.363663,0.352291,0.343895,0.364345
69.000000,0.364735,0.364206,0.353684,0.345604,0.365599
70.000000,0.364401,0.364164,0.355028,0.346797,0.361699
71.000000,0.364986,0.363914,0.356636,0.348087,0.366713
72.000000,0.365097,0.364345,0.358245,0.349420,0.367131
73.000000,0.364373,0.363997,0.359380,0.350729,0.360724
74.000000,0.364318,0.364526,0.360752,0.352098,0.365320
75.000000,0.364763,0.364582,0.361915,0.353120,0.363928
76.000000,0.363538,0.364262,0.362813,0.354058,0.360585
77.000000,0.361142,0.363120,0.363015,0.354796,0.355153
78.000000,0.359972,0.362173,0.362918,0.355585,0.354875
79.000000,0.357354,0.360836,0.362521,0.356068,0.352228
80.000000,0.355487,0.360125,0.362145,0.356727,0.354596
81.000000,0.353677,0.358607,0.361260,0.357293,0.351532
82.000000,0.351086,0.356114,0.360230,0.357535,0.342201
83.000000,0.349443,0.354708,0.359352,0.357823,0.346657
84.000000,0.350028,0.353691,0.359109,0.358398,0.355153
85.000000,0.348384,0.351936,0.358259,0.358589,0.346379
86.000000,0.357660,0.355669,0.359965,0.360432,0.397911
87.000000,0.368189,0.359638,0.361379,0.361890,0.394847
88.000000,0.377103,0.363273,0.362723,0.363036,0.391226
89.000000,0.387382,0.368705,0.364770,0.364582,0.406546
90.000000,0.398886,0.373635,0.366880,0.365975,0.403900
91.000000,0.401365,0.379513,0.369060,0.367344,0.410306
92.000000,0.404457,0.386323,0.371219,0.368928,0.410306
93.000000,0.407660,0.392382,0.373545,0.370362,0.407242
94.000000,0.408969,0.398175,0.375933,0.372131,0.413092
95.000000,0.411031,0.404958,0.378447,0.373825,0.414206
96.000000,0.411811,0.406588,0.381128,0.375506,0.414206
97.000000,0.409666,0.407061,0.383350,0.376606,0.399582
98.000000,0.409694,0.408677,0.385975,0.378041,0.407382
99.000000,0.409638,0.409304,0.389004,0.379615,0.412813
100.000000,0.411894,0.411462,0.392549,0.381741,0.425487
101.000000,0.415125,0.413468,0.396490,0.383863,0.430362
102.000000,0.420223,0.414944,0.400634,0.385794,0.425070
103.000000,0.421922,0.415808,0.404095,0.387632,0.415877
104.000000,0.423036,0.416337,0.407256,0.389401,0.418384
105.000000,0.422284,0.417089,0.411024,0.391328,0.421727
106.000000,0.420028,0.417577,0.412082,0.393278,0.419081
107.000000,0.419359,0.419791,0.413426,0.395497,0.421727
108.000000,0.421699,0.421811,0.415244,0.397920,0.427577
109.000000,0.422813,0.422925,0.416114,0.400311,0.423955
110.000000,0.423983,0.423134,0.417298,0.402744,0.427577
111.000000,0.424930,0.422479,0.417974,0.405153,0.423816
112.000000,0.426713,0.423036,0.418990,0.408101,0.430641
113.000000,0.425961,0.423830,0.419819,0.410673,0.423816
114.000000,0.426908,0.424861,0.420599,0.413124,0.428691
115.000000,0.428106,0.426045,0.421567,0.416031,0.433565
116.000000,0.427354,0.426142,0.421859,0.416769,0.420056
117.000000,0.421421,0.424067,0.421929,0.416973,0.400975
118.000000,0.422563,0.424262,0.423036,0.418250,0.429526
119.000000,0.423733,0.425320,0.424123,0.419183,0.434540
120.000000,0.423343,0.425724,0.424429,0.420107,0.431616
121.000000,0.425460,0.426407,0.424443,0.420785,0.430641
122.000000,0.433538,0.427479,0.425258,0.421820,0.441365
123.000000,0.435125,0.428844,0.426337,0.422827,0.437465
124.000000,0.435822,0.429777,0.427319,0.423658,0.438022
125.000000,0.437242,0.430292,0.428169,0.424475,0.438719
126.000000,0.437939,0.431699,0.428921,0.425139,0.434123
127.000000,0.439889,0.436713,0.430390,0.426857,0.451114
128.000000,0.441476,0.438301,0.431281,0.428124,0.445404
129.000000,0.441588,0.438705,0.432013,0.428983,0.438579
130.000000,0.441448,0.439345,0.432535,0.429401,0.438022
131.000000,0.445599,0.441769,0.434088,0.430218,0.454875
132.000000,0.447521,0.443705,0.435592,0.431407,0.460724
133.000000,0.451866,0.446671,0.437758,0.433115,0.467131
134.000000,0.455627,0.448607,0.439192,0.434415,0.457382
135.000000,0.459889,0.450669,0.440481,0.435669,0.459331
136.000000,0.459025,0.452312,0.442006,0.436718,0.450557
137.000000,0.457103,0.452312,0.444513,0.437697,0.451114
138.000000,0.453593,0.452730,0.445515,0.438431,0.449582
139.000000,0.451421,0.453524,0.446114,0.439183,0.446518
140.000000,0.448022,0.453955,0.446650,0.439675,0.442340
141.000000,0.449582,0.454304,0.448036,0.440826,0.458357
142.000000,0.450111,0.453607,0.448656,0.441597,0.453760
143.000000,0.448635,0.451114,0.448893,0.442210,0.442201
144.000000,0.447103,0.449262,0.448935,0.442549,0.438858
145.000000,0.447465,0.447744,0.449206,0.442902,0.444150
146.000000,0.444847,0.447214,0.449763,0.443742,0.445265
147.000000,0.442256,0.446184,0.449248,0.445070,0.440808
148.000000,0.440613,0.444624,0.448677,0.445218,0.433983
149.000000,0.438189,0.442646,0.448085,0.444958,0.426741
150.000000,0.434819,0.441142,0.447549,0.444814,0.427298
151.000000,0.439861,0.442354,0.448329,0.446142,0.470474
152.000000,0.446630,0.444443,0.449025,0.447252,0.474652
153.000000,0.454429,0.447521,0.449318,0.448435,0.472981
154.000000,0.462535,0.450362,0.449812,0.449410,0.467270
155.000000,0.470223,0.452521,0.450132,0.450311,0.465738
156.000000,0.469025,0.454443,0.450829,0.451323,0.464485
157.000000,0.465571,0.456100,0.451142,0.451532,0.457382
158.000000,0.462117,0.458273,0.451448,0.451876,0.455710
159.000000,0.462423,0.462479,0.452563,0.452883,0.468802
160.000000,0.462841,0.466532,0.453837,0.453877,0.467827
161.000000,0.464735,0.466880,0.454617,0.454513,0.473955
162.000000,0.468245,0.466908,0.455675,0.454986,0.474930
163.000000,0.473593,0.467855,0.457688,0.455497,0.482451
164.000000,0.471393,0.466908,0.458635,0.455511,0.457799
165.000000,0.470028,0.466435,0.459478,0.455566,0.461003
166.000000,0.467994,0.466365,0.460404,0.456007,0.463788
167.000000,0.465877,0.467061,0.461581,0.456448,0.464345
168.000000,0.462674,0.468134,0.463203,0.457010,0.466435
169.000000,0.464095,0.467744,0.465111,0.457623,0.464903
170.000000,0.465292,0.467660,0.467096,0.458445,0.466992
171.000000,0.467242,0.467618,0.467249,0.458951,0.473538
172.000000,0.472841,0.469359,0.468134,0.460237,0.492340
173.000000,0.479387,0.471031,0.469443,0.462136,0.499164
174.000000,0.486518,0.475306,0.471107,0.464192,0.500557
175.000000,0.493398,0.479345,0.472890,0.466100,0.501393
176.000000,0.500111,0.483677,0.475021,0.468162,0.507103
177.000000,0.502563,0.487702,0.477382,0.470288,0.504596
178.000000,0.505543,0.492465,0.480299,0.472957,0.514067
179.000000,0.508607,0.497563,0.482653,0.475929,0.515877
180.000000,0.513482,0.503440,0.485550,0.479211,0.525766
181.000000,0.511476,0.505794,0.486706,0.480097,0.497075
182.000000,0.510947,0.506755,0.488057,0.481007,0.501950
183.000000,0.507716,0.506630,0.488830,0.481838,0.497911
184.000000,0.502618,0.505613,0.490460,0.482609,0.490390
185.000000,0.499415,0.506448,0.492897,0.484076,0.509749
186.000000,0.499833,0.505655,0.494666,0.485232,0.499164
187.000000,0.500390,0.505669,0.496685,0.486811,0.504735
188.000000,0.504373,0.506045,0.499255,0.488881,0.517827
189.000000,0.510919,0.506769,0.502166,0.490692,0.523120
190.000000,0.513398,0.506407,0.504923,0.492502,0.522145
191.000000,0.518412,0.509123,0.507458,0.494178,0.524234
192.000000,0.521003,0.510696,0.508726,0.495604,0.517688
193.000000,0.517382,0.510877,0.508753,0.496179,0.499721
194.000000,0.509526,0.510223,0.507918,0.497047,0.483844
195.000000,0.503036,0.508217,0.507333,0.498004,0.489694
196.000000,0.495989,0.507201,0.506428,0.498844,0.488997
197.000000,0.492549,0.506776,0.506222,0.500049,0.500487
198.000000,0.491072,0.504227,0.505136,0.500912,0.492340
199.000000,0.499290,0.504408,0.505588,0.502913,0.524930
200.000000,0.505111,0.504074,0.505240,0.504640,0.518802
201.000000,0.513440,0.504714,0.506919,0.506544,0.530641
202.000000,0.519387,0.505968,0.508332,0.507806,0.530223
203.000000,0.526267,0.508670,0.509774,0.508726,0.526741
204.000000,0.527465,0.513377,0.511800,0.509738,0.530919
205.000000,0.529415,0.517263,0.512740,0.510643,0.528552
206.000000,0.529053,0.521247,0.514224,0.511367,0.528830
207.000000,0.530362,0.524875,0.515825,0.512440,0.536769
208.000000,0.533816,0.530042,0.517134,0.513438,0.544011
209.000000,0.535827,0.531646,0.518027,0.514274,0.540975
210.000000,0.538947,0.534181,0.519127,0.514887,0.544150
211.000000,0.542680,0.535866,0.520290,0.516568,0.547493
212.000000,0.545382,0.537872,0.521920,0.518179,0.550279
213.000000,0.547610,0.540713,0.524692,0.520087,0.555153
214.000000,0.544457,0.540142,0.526760,0.521247,0.525209
215.000000,0.538830,0.538889,0.528076,0.521456,0.516017
216.000000,0.530808,0.536744,0.528995,0.521730,0.507382
217.000000,0.521142,0.533262,0.529068,0.521637,0.501950
218.000000,0.510613,0.529111,0.529577,0.521127,0.502507
219.000000,0.508607,0.526532,0.529089,0.520862,0.515181
220.000000,0.508942,0.523886,0.529033,0.520714,0.517688
221.000000,0.506964,0.518886,0.527376,0.519822,0.497493
222.000000,0.504123,0.512632,0.525252,0.518824,0.487744
223.000000,0.500279,0.505446,0.523079,0.518276,0.483287
224.000000,0.494206,0.501407,0.520774,0.518309,0.484819
225.000000,0.489025,0.498983,0.518936,0.518378,0.491783
226.000000,0.488663,0.497813,0.517279,0.518601,0.495682
227.000000,0.490780,0.497451,0.515357,0.518529,0.498329
228.000000,0.494540,0.497409,0.513260,0.518854,0.502089
229.000000,0.499694,0.496950,0.511741,0.518376,0.510585
230.000000,0.504457,0.496741,0.510313,0.518269,0.515599
231.000000,0.506462,0.497563,0.508224,0.517438,0.505710
232.000000,0.508273,0.499526,0.506079,0.516677,0.507382
233.000000,0.508691,0.501616,0.503531,0.515925,0.504178
234.000000,0.507855,0.503774,0.502591,0.515108,0.506407
235.000000,0.507103,0.505780,0.502382,0.514551,0.511838
236.000000,0.508189,0.507326,0.502570,0.513961,0.511142
237.000000,0.508607,0.508440,0.502946,0.513051,0.509471
238.000000,0.508635,0.508663,0.503036,0.511728,0.504318
239.000000,0.508357,0.508106,0.502528,0.510529,0.505014
240.000000,0.507604,0.507354,0.502047,0.509327,0.508078
241.000000,0.508050,0.508120,0.502841,0.508189,0.513370
242.000000,0.508301,0.508454,0.503990,0.506871,0.510724
243.000000,0.511727,0.510181,0.505898,0.505747,0.521448
244.000000,0.512173,0.510265,0.507019,0.505149,0.507242
245.000000,0.512841,0.510223,0.508001,0.504995,0.511421
246.000000,0.515571,0.511811,0.509568,0.505650,0.527019
247.000000,0.519025,0.513663,0.511052,0.506518,0.527994
248.000000,0.519248,0.515487,0.512075,0.507187,0.522563
249.000000,0.521838,0.517006,0.512556,0.507354,0.520195
250.000000,0.524150,0.518496,0.512925,0.507530,0.522981
251.000000,0.522089,0.518830,0.513475,0.508171,0.516713
252.000000,0.516295,0.517660,0.513057,0.508547,0.499025
253.000000,0.514485,0.516866,0.513524,0.509554,0.513510
254.000000,0.513175,0.517507,0.513886,0.510515,0.513649
255.000000,0.511671,0.517911,0.514067,0.511305,0.515460
256.000000,0.511031,0.516560,0.514185,0.511899,0.513510
257.000000,0.512256,0.514276,0.513969,0.512126,0.505153
258.000000,0.510529,0.512507,0.513997,0.512219,0.504875
259.000000,0.507772,0.510474,0.513740,0.511862,0.499861
260.000000,0.507214,0.509443,0.513969,0.511764,0.512674
261.000000,0.506267,0.508649,0.513740,0.511866,0.508774
262.000000,0.517521,0.514889,0.516274,0.513668,0.561421
263.000000,0.528552,0.519540,0.518203,0.515529,0.560028
264.000000,0.543287,0.525529,0.521518,0.517767,0.573538
265.000000,0.557298,0.532256,0.525084,0.520130,0.582730
266.000000,0.575181,0.540724,0.528642,0.523032,0.598189
267.000000,0.583454,0.550487,0.532382,0.526142,0.602786
268.000000,0.591476,0.560014,0.536260,0.529336,0.600139
269.000000,0.598106,0.570696,0.540585,0.532725,0.606685
270.000000,0.600139,0.578719,0.544081,0.535552,0.592897
271.000000,0.601309,0.588245,0.548447,0.538575,0.604039
272.000000,0.600529,0.591992,0.553440,0.541513,0.598886
273.000000,0.597939,0.594708,0.557124,0.543705,0.587187
274.000000,0.594652,0.596379,0.560954,0.546472,0.590251
275.000000,0.595794,0.597967,0.565111,0.549378,0.598607
276.000000,0.594791,0.598050,0.569387,0.551778,0.599025
277.000000,0.592869,0.596699,0.573593,0.553821,0.589276
278.000000,0.595738,0.596838,0.578426,0.556453,0.601532
279.000000,0.599554,0.597103,0.583900,0.559424,0.609331
280.000000,0.603816,0.599805,0.589262,0.562656,0.619916
281.000000,0.609276,0.602033,0.595139,0.566309,0.626323
282.000000,0.615320,0.604095,0.598043,0.570325,0.619499
283.000000,0.619331,0.607535,0.601121,0.573928,0.621588
284.000000,0.621894,0.610724,0.603552,0.577544,0.622145
285.000000,0.624652,0.614234,0.606100,0.581486,0.633705
286.000000,0.624652,0.616964,0.607507,0.585246,0.626323
287.000000,0.627382,0.621351,0.609025,0.589513,0.633148
288.000000,0.630474,0.624903,0.610870,0.593918,0.637047
289.000000,0.633593,0.627744,0.612423,0.598514,0.637744
290.000000,0.632869,0.628760,0.614283,0.602428,0.630084
291.000000,0.639666,0.632159,0.617096,0.607479,0.660306
292.000000,0.644847,0.636114,0.620104,0.610734,0.659053
293.000000,0.656072,0.643273,0.625404,0.615172,0.693175
294.000000,0.667855,0.650724,0.630724,0.619276,0.696657
295.000000,0.677799,0.655334,0.634784,0.622512,0.679805
296.000000,0.680836,0.660251,0.638607,0.625088,0.675487
297.000000,0.683983,0.664415,0.642883,0.627488,0.674791
298.000000,0.679499,0.667786,0.646344,0.629842,0.670752
299.000000,0.675320,0.671588,0.649666,0.632145,0.675766
300.000000,0.673426,0.675613,0.652187,0.634726,0.670334
301.000000,0.673008,0.676922,0.654540,0.637038,0.673398
302.000000,0.673343,0.678663,0.657389,0.639624,0.676462
303.000000,0.678774,0.679136,0.661205,0.643315,0.697911
304.000000,0.681031,0.678175,0.664450,0.646541,0.687047
305.000000,0.686741,0.680084,0.667709,0.649884,0.698886
306.000000,0.690891,0.681950,0.671100,0.653055,0.694150
307.000000,0.692061,0.682702,0.673558,0.656156,0.682312
308.000000,0.690557,0.684666,0.676226,0.659118,0.690390
309.000000,0.690028,0.685529,0.678558,0.661620,0.684401
310.000000,0.685487,0.686114,0.680864,0.663496,0.676184
311.000000,0.678050,0.684471,0.680696,0.664517,0.656964
312.000000,0.673677,0.682869,0.680766,0.665882,0.660446
313.000000,0.670167,0.680362,0.679749,0.667591,0.672841
314.000000,0.669861,0.679944,0.679060,0.669615,0.682869
315.000000,0.671309,0.678398,0.679241,0.671272,0.683426
316.000000,0.663343,0.670696,0.676323,0.670966,0.617131
317.000000,0.647688,0.660682,0.671692,0.669266,0.582173
318.000000,0.628301,0.649234,0.666950,0.667228,0.575905
319.000000,0.610696,0.640279,0.662904,0.665799,0.594847
320.000000,0.591727,0.631518,0.658816,0.664415,0.588579
321.000000,0.584624,0.623983,0.654227,0.661792,0.581616
322.000000,0.586435,0.617061,0.649965,0.659531,0.591226
323.000000,0.588357,0.608329,0.644345,0.655942,0.585515
324.000000,0.588050,0.599373,0.639659,0.652498,0.593315
325.000000,0.591560,0.591643,0.635021,0.650042,0.606128
326.000000,0.595181,0.589903,0.630299,0.647516,0.599721
327.000000,0.596267,0.591351,0.626017,0.644912,0.596657
328.000000,0.595905,0.592131,0.620682,0.642010,0.583705
329.000000,0.592507,0.590279,0.615279,0.638695,0.576323
330.000000,0.583175,0.587368,0.609443,0.635000,0.559471
331.000000,0.569777,0.582479,0.603231,0.630311,0.532730
332.000000,0.557298,0.576783,0.596922,0.625571,0.534262
333.000000,0.545376,0.570641,0.589485,0.619777,0.524095
334.000000,0.535599,0.564053,0.581713,0.614457,0.527437
335.000000,0.526546,0.554861,0.573252,0.608301,0.514206
336.000000,0.524150,0.546964,0.568433,0.602521,0.520752
337.000000,0.519972,0.538635,0.564993,0.596890,0.513370
338.000000,0.513733,0.529554,0.560843,0.590306,0.492897
339.000000,0.496518,0.516058,0.553169,0.582205,0.441365
340.000000,0.485571,0.506058,0.546713,0.574981,0.459471
341.000000,0.477688,0.500919,0.541699,0.569127,0.481337
342.000000,0.471058,0.495515,0.536149,0.563120,0.480223
343.000000,0.466574,0.490153,0.530397,0.556374,0.470474
344.000000,0.470891,0.483705,0.523879,0.549044,0.462953
345.000000,0.473036,0.479304,0.517082,0.541936,0.470195
346.000000,0.471309,0.474499,0.510731,0.537122,0.472702
347.000000,0.468524,0.469791,0.504213,0.533259,0.466295
348.000000,0.469387,0.467981,0.498767,0.529889,0.474791
349.000000,0.473983,0.472437,0.494248,0.526258,0.485933
350.000000,0.477716,0.475376,0.490717,0.522934,0.488858
351.000000,0.485794,0.478552,0.489735,0.520650,0.513092
352.000000,0.494067,0.481295,0.488405,0.517864,0.507660
353.000000,0.502340,0.485864,0.488008,0.515552,0.516156
354.000000,0.507187,0.490585,0.487145,0.512781,0.510167
355.000000,0.507214,0.492465,0.485884,0.508877,0.488997
356.000000,0.502368,0.494081,0.484290,0.505181,0.488858
357.000000,0.499025,0.496546,0.483169,0.501657,0.490947
358.000000,0.496908,0.499624,0.483802,0.499053,0.505571
359.000000,0.497493,0.502340,0.487389,0.496945,0.513092
360.000000,0.508329,0.507772,0.491574,0.496402,0.543175
361.000000,0.515320,0.508844,0.493698,0.496105,0.523816
362.000000,0.521086,0.510056,0.495675,0.495622,0.519777
363.000000,0.523148,0.510028,0.497946,0.495348,0.515877
364.000000,0.523370,0.510432,0.500508,0.494907,0.514206
365.000000,0.520139,0.514234,0.503350,0.495334,0.527019
366.000000,0.518983,0.517152,0.505616,0.495244,0.518036
367.000000,0.520042,0.520564,0.508555,0.495634,0.525070
368.000000,0.524721,0.523935,0.511779,0.497180,0.539276
369.000000,0.530989,0.527180,0.514760,0.500652,0.545543
370.000000,0.531351,0.525745,0.516758,0.502964,0.528830
371.000000,0.532841,0.525912,0.517378,0.504436,0.525487
372.000000,0.534123,0.527082,0.518569,0.506144,0.531476
373.000000,0.534345,0.529533,0.519781,0.508475,0.540390
374.000000,0.535348,0.533169,0.521800,0.511395,0.550557
375.000000,0.540084,0.535717,0.524976,0.514139,0.552507
376.000000,0.548607,0.540724,0.528938,0.517319,0.568106
377.000000,0.555766,0.544944,0.532754,0.520685,0.567270
378.000000,0.562201,0.548273,0.536104,0.523944,0.572563
379.000000,0.566379,0.550864,0.539022,0.526794,0.571448
380.000000,0.564206,0.552145,0.538945,0.528554,0.541643
381.000000,0.557214,0.552911,0.539412,0.529222,0.533148
382.000000,0.549944,0.552855,0.539969,0.529998,0.530919
383.000000,0.542396,0.552298,0.540916,0.530620,0.534819
384.000000,0.536574,0.551476,0.542322,0.531692,0.542340
385.000000,0.533593,0.548900,0.542308,0.532950,0.526741
386.000000,0.531365,0.544290,0.542507,0.534055,0.522006
387.000000,0.526546,0.538245,0.541595,0.534584,0.506825
388.000000,0.522981,0.532688,0.540481,0.534965,0.516992
389.000000,0.517382,0.526978,0.538921,0.535007,0.514345
390.000000,0.516992,0.525292,0.538719,0.534394,0.524791
391.000000,0.518106,0.524735,0.538823,0.534519,0.527577
392.000000,0.520362,0.523454,0.538155,0.534464,0.518106
393.000000,0.518050,0.520515,0.536407,0.534116,0.505432
394.000000,0.515599,0.516490,0.533983,0.533712,0.502089
395.000000,0.510641,0.513816,0.531358,0.532811,0.500000
396.000000,0.507604,0.512855,0.528572,0.532623,0.512396
397.000000,0.502423,0.511393,0.524819,0.531527,0.492201
398.000000,0.497047,0.507549,0.520118,0.529503,0.478552
399.000000,0.494680,0.505139,0.516058,0.527660,0.490251
400.000000,0.493538,0.502089,0.513691,0.526509,0.494290
401.000000,0.489638,0.498621,0.511678,0.525422,0.492897
402.000000,0.491031,0.496727,0.510091,0.524345,0.499164
403.000000,0.491769,0.494408,0.507462,0.522407,0.482242
404.000000,0.492075,0.493377,0.504934,0.520448,0.491783
405.000000,0.487813,0.490675,0.502246,0.517797,0.472981
406.000000,0.485724,0.487681,0.500268,0.514942,0.482451
407.000000,0.482437,0.486734,0.499063,0.512124,0.482730
408.000000,0.482312,0.487040,0.497295,0.509092,0.481616
409.000000,0.484819,0.488447,0.496793,0.506855,0.504318
410.000000,0.490557,0.489185,0.495637,0.505522,0.501671
411.000000,0.491142,0.488433,0.493527,0.503930,0.485376
412.000000,0.491253,0.486845,0.491786,0.502342,0.483287
413.000000,0.492591,0.487451,0.490930,0.500792,0.488301
414.000000,0.489721,0.487270,0.490324,0.499046,0.489972
415.000000,0.490864,0.490710,0.490693,0.498401,0.507382
416.000000,0.495348,0.493245,0.490463,0.497927,0.507799
417.000000,0.498969,0.495111,0.490923,0.497746,0.501393
418.000000,0.501894,0.497242,0.492141,0.497277,0.502925
419.000000,0.505237,0.497479,0.492963,0.497022,0.506685
420.000000,0.504680,0.497772,0.493478,0.496349,0.504596
421.000000,0.503900,0.499624,0.494029,0.495559,0.503900
422.000000,0.503538,0.501253,0.494049,0.494942,0.499582
423.000000,0.503036,0.502465,0.494958,0.494775,0.500418
424.000000,0.500028,0.502632,0.494951,0.494427,0.491643
425.000000,0.498189,0.501435,0.496072,0.494273,0.495404
426.000000,0.496852,0.500376,0.496811,0.493767,0.497214
427.000000,0.494067,0.498802,0.496957,0.493549,0.485655
428.000000,0.485738,0.494387,0.495815,0.492890,0.458774
429.000000,0.479582,0.489805,0.493642,0.491910,0.460864
430.000000,0.480613,0.489401,0.493586,0.492119,0.500557
431.000000,0.486657,0.491755,0.495689,0.493271,0.527437
432.000000,0.492841,0.493454,0.497354,0.493851,0.516574
433.000000,0.503092,0.494415,0.498440,0.494777,0.510028
434.000000,0.514095,0.496838,0.499735,0.495580,0.515877
435.000000,0.521309,0.500961,0.501198,0.497702,0.536630
436.000000,0.519415,0.503036,0.501706,0.498886,0.517967
437.000000,0.520474,0.506657,0.502730,0.500190,0.521866
438.000000,0.523203,0.513148,0.503767,0.501592,0.523677
439.000000,0.522674,0.518384,0.504095,0.501890,0.513231
440.000000,0.517883,0.519596,0.504499,0.502256,0.512674
441.000000,0.520251,0.519833,0.505794,0.503737,0.529805
442.000000,0.524485,0.522479,0.507967,0.505729,0.543036
443.000000,0.526992,0.525097,0.509756,0.507326,0.536212
444.000000,0.528858,0.525766,0.511302,0.508412,0.522563
445.000000,0.535794,0.526838,0.513900,0.509745,0.547354
446.000000,0.536351,0.528301,0.515669,0.510571,0.532591
447.000000,0.533092,0.528788,0.517723,0.511416,0.526741
448.000000,0.529666,0.528329,0.520738,0.511955,0.519081
449.000000,0.527521,0.528189,0.523287,0.512126,0.511838
450.000000,0.521337,0.528565,0.524081,0.512521,0.516435
451.000000,0.518357,0.527354,0.523593,0.512981,0.517688
452.000000,0.516602,0.524847,0.523663,0.513593,0.517967
453.000000,0.517047,0.523357,0.524227,0.514290,0.521309
454.000000,0.522145,0.524833,0.525299,0.515812,0.537326
455.000000,0.524011,0.522674,0.524756,0.516825,0.525766
456.000000,0.528635,0.523496,0.525898,0.518278,0.540808
457.000000,0.534819,0.525710,0.527249,0.520385,0.548886
458.000000,0.540306,0.528677,0.528503,0.523384,0.548747
459.000000,0.546769,0.534457,0.531323,0.527010,0.569638
460.000000,0.556072,0.540042,0.534304,0.529401,0.572284
461.000000,0.566407,0.547521,0.537437,0.531569,0.592479
462.000000,0.576880,0.555850,0.540348,0.534392,0.601253
463.000000,0.583426,0.561866,0.542611,0.536773,0.581476
464.000000,0.582813,0.564791,0.544812,0.538463,0.566574
465.000000,0.580529,0.568301,0.545487,0.539271,0.560864
466.000000,0.581086,0.573747,0.548621,0.541848,0.595265
467.000000,0.580752,0.578816,0.552263,0.544438,0.599582
468.000000,0.589109,0.586267,0.557472,0.547758,0.623259
469.000000,0.603454,0.593134,0.563795,0.551927,0.638301
470.000000,0.620529,0.600529,0.570286,0.556379,0.646240
471.000000,0.629081,0.605084,0.576302,0.559986,0.638022
472.000000,0.634986,0.607869,0.581859,0.562855,0.629109
473.000000,0.634986,0.612047,0.586957,0.565757,0.623259
474.000000,0.632479,0.617967,0.591379,0.569197,0.625766
475.000000,0.626435,0.623482,0.595891,0.571486,0.616017
476.000000,0.625460,0.627270,0.600508,0.574838,0.633148
477.000000,0.625710,0.630348,0.604582,0.578292,0.630362
478.000000,0.628886,0.631936,0.609102,0.582293,0.639136
479.000000,0.630418,0.631448,0.612291,0.586346,0.633426
480.000000,0.636267,0.631351,0.615940,0.590641,0.645265
481.000000,0.639415,0.632437,0.618760,0.595014,0.648886
482.000000,0.635905,0.630808,0.619338,0.598175,0.612813
483.000000,0.633008,0.630947,0.621497,0.601620,0.624652
484.000000,0.635460,0.632939,0.625453,0.605232,0.645682
485.000000,0.634234,0.635251,0.629366,0.609011,0.639136
486.000000,0.633287,0.636351,0.631811,0.612456,0.644150
487.000000,0.639526,0.637716,0.634032,0.615627,0.644011
488.000000,0.646936,0.639972,0.635954,0.619392,0.661699
489.000000,0.645655,0.640557,0.636003,0.621713,0.639276
490.000000,0.643788,0.639011,0.635181,0.623630,0.629805
491.000000,0.636574,0.634930,0.633684,0.624150,0.608078
492.000000,0.625265,0.632396,0.631602,0.623691,0.587465
493.000000,0.611253,0.629095,0.630021,0.624030,0.591643
494.000000,0.608273,0.626964,0.629951,0.625956,0.624373
495.000000,0.612089,0.627939,0.631595,0.628890,0.648886
496.000000,0.620167,0.628370,0.632361,0.630664,0.648468
497.000000,0.632897,0.629081,0.633398,0.632382,0.651114
498.000000,0.640864,0.626058,0.633015,0.632656,0.631476
499.000000,0.644791,0.626532,0.633545,0.632846,0.644011
500.000000,0.644178,0.628134,0.633572,0.632832,0.645822
501.000000,0.644178,0.632173,0.633552,0.633180,0.648468
502.000000,0.642869,0.637883,0.635139,0.633695,0.644568
503.000000,0.644875,0.642869,0.635982,0.634304,0.641504
504.000000,0.641922,0.643357,0.635160,0.634420,0.629248
505.000000,0.638357,0.641267,0.634603,0.634819,0.627994
506.000000,0.629805,0.636992,0.632681,0.633904,0.605710
507.000000,0.624930,0.633900,0.631490,0.633565,0.620195
508.000000,0.609499,0.627187,0.626623,0.631072,0.564345
509.000000,0.598663,0.620292,0.623412,0.629127,0.575070
510.000000,0.586295,0.612326,0.620230,0.626490,0.566156
511.000000,0.576713,0.603259,0.617716,0.623454,0.557799
512.000000,0.559916,0.592423,0.615153,0.620901,0.536212
513.000000,0.535794,0.572646,0.607758,0.614870,0.443733
514.000000,0.512953,0.555808,0.599582,0.608709,0.460864
515.000000,0.493398,0.539847,0.590557,0.603018,0.468384
516.000000,0.473565,0.525139,0.581065,0.596834,0.458635
517.000000,0.457214,0.508565,0.571233,0.590515,0.454457
518.000000,0.458217,0.497006,0.562096,0.583417,0.448747
519.000000,0.453231,0.483092,0.551692,0.576639,0.435933
520.000000,0.446769,0.470084,0.541205,0.570181,0.436072
521.000000,0.439109,0.456337,0.529798,0.563923,0.420334
522.000000,0.431811,0.444513,0.518468,0.558273,0.417967
523.000000,0.423928,0.441072,0.506859,0.552196,0.409331
524.000000,0.419638,0.436435,0.496121,0.545200,0.414485
525.000000,0.415543,0.431156,0.485501,0.537423,0.415599
526.000000,0.414150,0.426630,0.475884,0.529587,0.413370
527.000000,0.415125,0.423468,0.466017,0.521978,0.422841
528.000000,0.419248,0.421588,0.459297,0.515260,0.429944
529.000000,0.421532,0.420585,0.451838,0.507990,0.425905
530.000000,0.423733,0.419638,0.444861,0.500682,0.426602
531.000000,0.428607,0.421379,0.438858,0.493658,0.437744
532.000000,0.433370,0.424248,0.434380,0.487061,0.446657
533.000000,0.436518,0.427883,0.434478,0.480534,0.445682
534.000000,0.441476,0.431504,0.433969,0.474582,0.450696
535.000000,0.443760,0.433747,0.432451,0.468250,0.438022
536.000000,0.445014,0.436811,0.431720,0.462860,0.444011
537.000000,0.444777,0.439074,0.431271,0.457036,0.445474
538.000000,0.444944,0.440731,0.431159,0.453108,0.446518
539.000000,0.445724,0.443600,0.432093,0.449092,0.454596
540.000000,0.450710,0.447235,0.433437,0.445652,0.462953
541.000000,0.453579,0.449297,0.435338,0.442338,0.458357
542.000000,0.452869,0.448823,0.436536,0.439195,0.441922
543.000000,0.454123,0.449533,0.438708,0.439496,0.452786
544.000000,0.450585,0.448155,0.439829,0.438698,0.436908
545.000000,0.444234,0.447472,0.440609,0.437458,0.431198
546.000000,0.441643,0.447611,0.442211,0.437017,0.445404
547.000000,0.443064,0.447967,0.443520,0.436836,0.449025
548.000000,0.442591,0.448357,0.444544,0.436892,0.450418
549.000000,0.445571,0.448078,0.445839,0.437421,0.451811
550.000000,0.451226,0.447730,0.447483,0.438201,0.459471
551.000000,0.458997,0.450320,0.449808,0.440332,0.484262
552.000000,0.466908,0.454986,0.451905,0.442686,0.488579
553.000000,0.476045,0.459318,0.454425,0.445578,0.496100
554.000000,0.482591,0.464081,0.456118,0.447913,0.484540
555.000000,0.486435,0.468830,0.458151,0.450016,0.478691
556.000000,0.485348,0.472173,0.459892,0.452198,0.478830
557.000000,0.482201,0.474554,0.461260,0.453865,0.472841
558.000000,0.476741,0.476393,0.462375,0.455160,0.468802
559.000000,0.474540,0.478565,0.463322,0.456748,0.473538
560.000000,0.470167,0.478301,0.463015,0.457755,0.456825
561.000000,0.464763,0.475056,0.462688,0.458224,0.451811
562.000000,0.463092,0.472646,0.463816,0.458818,0.464485
563.000000,0.464819,0.470780,0.465049,0.459877,0.477437
564.000000,0.463008,0.468774,0.466428,0.460337,0.464485
565.000000,0.460362,0.465265,0.467047,0.460522,0.443593
566.000000,0.455292,0.460028,0.466100,0.459937,0.426462
567.000000,0.447131,0.455111,0.464833,0.459211,0.423677
568.000000,0.436184,0.450501,0.463447,0.458417,0.422702
569.000000,0.427744,0.445376,0.461971,0.457340,0.422284
570.000000,0.422591,0.441476,0.459889,0.455836,0.417827
571.000000,0.422228,0.438760,0.456908,0.454712,0.424652
572.000000,0.422925,0.435028,0.453837,0.454220,0.427159
573.000000,0.421866,0.429025,0.449903,0.453041,0.417409
574.000000,0.421142,0.424443,0.446609,0.452433,0.418663
575.000000,0.421114,0.421852,0.443558,0.451982,0.417688
576.000000,0.419053,0.420641,0.440334,0.450947,0.414345
577.000000,0.419415,0.421170,0.438141,0.450279,0.428969
578.000000,0.422256,0.422061,0.436281,0.449652,0.431616
579.000000,0.424290,0.422716,0.434046,0.448886,0.428830
580.000000,0.426017,0.423565,0.432521,0.447781,0.426323
581.000000,0.428719,0.423886,0.431323,0.445901,0.427855
582.000000,0.428245,0.423830,0.429429,0.443835,0.426602
583.000000,0.429304,0.425780,0.427403,0.441862,0.436908
584.000000,0.427939,0.426114,0.425279,0.439777,0.422006
585.000000,0.425822,0.425919,0.423886,0.437679,0.415738
586.000000,0.415376,0.422047,0.421344,0.434239,0.375627
587.000000,0.405961,0.417103,0.419136,0.431128,0.379526
588.000000,0.392145,0.410724,0.416393,0.427762,0.367827
589.000000,0.380808,0.404373,0.413545,0.424155,0.365320
590.000000,0.372006,0.398914,0.411240,0.421318,0.371727
591.000000,0.372535,0.393955,0.408921,0.418867,0.378273
592.000000,0.369875,0.387918,0.405874,0.415592,0.366226
593.000000,0.370543,0.381344,0.403562,0.412050,0.371170
594.000000,0.373719,0.377263,0.401689,0.409273,0.381198
595.000000,0.375279,0.373642,0.399781,0.407138,0.379526
596.000000,0.374861,0.373698,0.397873,0.405462,0.376184
597.000000,0.379192,0.374533,0.395818,0.404269,0.387883
598.000000,0.384485,0.377514,0.394119,0.403433,0.397632
599.000000,0.387994,0.380857,0.392615,0.402649,0.398747
600.000000,0.391532,0.383405,0.391159,0.401961,0.397214
601.000000,0.394610,0.384735,0.389345,0.400859,0.391574
602.000000,0.394220,0.386706,0.387312,0.399485,0.385933
603.000000,0.392855,0.388670,0.385007,0.398598,0.390808
604.000000,0.389290,0.388642,0.382953,0.397340,0.380919
605.000000,0.388593,0.390063,0.381852,0.396541,0.393733
606.000000,0.391114,0.392862,0.383280,0.396202,0.404178
607.000000,0.395070,0.394645,0.384589,0.395427,0.405710
608.000000,0.398635,0.395745,0.386630,0.394661,0.408635
609.000000,0.403983,0.396636,0.388747,0.393955,0.407660
610.000000,0.407437,0.398015,0.390710,0.393445,0.411003
611.000000,0.410195,0.400655,0.392695,0.393115,0.417967
612.000000,0.412117,0.403593,0.395150,0.392739,0.415320
613.000000,0.414652,0.406643,0.397657,0.392219,0.421309
614.000000,0.417577,0.410780,0.399711,0.392228,0.422284
615.000000,0.418691,0.413064,0.401563,0.392256,0.416574
616.000000,0.418942,0.414568,0.403715,0.393709,0.419220
617.000000,0.420084,0.416100,0.405373,0.395093,0.421031
618.000000,0.420724,0.417688,0.406717,0.396982,0.424513
619.000000,0.423482,0.420529,0.408583,0.399341,0.436072
620.000000,0.426769,0.422730,0.410373,0.401383,0.433008
621.000000,0.429610,0.424276,0.412465,0.403222,0.433426
622.000000,0.431866,0.425975,0.414784,0.405425,0.432312
623.000000,0.433120,0.426922,0.416783,0.407412,0.430780
624.000000,0.433259,0.428370,0.419575,0.409264,0.436769
625.000000,0.435376,0.431072,0.422068,0.411400,0.443593
626.000000,0.434986,0.432298,0.423433,0.413243,0.431476
627.000000,0.434833,0.433350,0.424725,0.414698,0.431546
628.000000,0.432298,0.432709,0.425198,0.415381,0.418106
629.000000,0.427897,0.430578,0.425554,0.415915,0.414763
630.000000,0.421908,0.428642,0.425686,0.416462,0.413649
631.000000,0.419930,0.427458,0.425867,0.417463,0.421588
632.000000,0.416267,0.425550,0.425763,0.418373,0.413231
633.000000,0.417604,0.424951,0.425937,0.419506,0.424791
634.000000,0.421727,0.424812,0.426591,0.421321,0.435376
635.000000,0.428524,0.425216,0.428144,0.423117,0.447632
636.000000,0.432869,0.426400,0.429349,0.424422,0.443315
637.000000,0.437855,0.427061,0.430205,0.425504,0.438162
638.000000,0.440501,0.429053,0.430881,0.426483,0.438022
639.000000,0.441142,0.431435,0.431006,0.427514,0.438579
640.000000,0.439387,0.433955,0.431299,0.428442,0.438858
641.000000,0.438747,0.435808,0.431633,0.429181,0.440111
642.000000,0.440167,0.439011,0.432281,0.430179,0.445265
643.000000,0.440474,0.440487,0.432719,0.430787,0.439554
644.000000,0.437967,0.439554,0.432183,0.430912,0.426045
645.000000,0.433398,0.436393,0.430804,0.430894,0.416017
646.000000,0.430669,0.434708,0.430554,0.431135,0.426462
647.000000,0.427465,0.433816,0.430439,0.431409,0.429248
648.000000,0.433008,0.436741,0.432897,0.432834,0.467270
649.000000,0.442201,0.440084,0.435759,0.434032,0.472006
650.000000,0.451894,0.442646,0.438301,0.435081,0.464485
651.000000,0.461003,0.445836,0.440822,0.436367,0.472006
652.000000,0.470947,0.449206,0.444109,0.437922,0.478969
653.000000,0.472702,0.452855,0.446671,0.439431,0.476045
654.000000,0.472702,0.457451,0.448503,0.440606,0.472006
655.000000,0.472396,0.462145,0.449269,0.441251,0.462953
656.000000,0.471922,0.466462,0.450585,0.442523,0.469638
657.000000,0.471031,0.470989,0.452403,0.443955,0.474513
658.000000,0.462674,0.467688,0.452214,0.444494,0.434262
659.000000,0.456295,0.464499,0.452291,0.445339,0.440111
660.000000,0.448078,0.460237,0.451442,0.445613,0.421866
661.000000,0.439443,0.455682,0.450759,0.445775,0.426462
662.000000,0.428830,0.449930,0.449568,0.446049,0.421448
663.000000,0.423315,0.442994,0.447925,0.445446,0.406685
664.000000,0.415237,0.435766,0.446609,0.444257,0.399721
665.000000,0.408858,0.428468,0.445306,0.442335,0.389972
666.000000,0.402535,0.420989,0.443726,0.440720,0.394847
667.000000,0.399457,0.414143,0.442566,0.439649,0.406058
668.000000,0.399875,0.411595,0.439641,0.438675,0.408774
669.000000,0.402688,0.408962,0.436731,0.437848,0.413788
670.000000,0.407451,0.408155,0.434196,0.437013,0.413788
671.000000,0.407563,0.405049,0.430366,0.435522,0.395404
672.000000,0.406435,0.402946,0.426438,0.434027,0.400418
673.000000,0.403343,0.401609,0.422302,0.432486,0.393315
674.000000,0.398719,0.400703,0.418235,0.431307,0.390669
675.000000,0.396880,0.402166,0.415317,0.430926,0.404596
676.000000,0.398189,0.402876,0.411932,0.430109,0.401950
677.000000,0.398552,0.402493,0.408318,0.429208,0.402228
678.000000,0.400975,0.402159,0.406877,0.427147,0.405432
679.000000,0.402730,0.400724,0.404843,0.424728,0.399443
680.000000,0.403565,0.400223,0.404189,0.422871,0.408774
681.000000,0.405961,0.402075,0.403562,0.420935,0.413928
682.000000,0.410362,0.404457,0.403701,0.419111,0.424234
683.000000,0.413315,0.407145,0.404377,0.417249,0.420195
684.000000,0.416128,0.409429,0.405066,0.415299,0.413510
685.000000,0.415432,0.409499,0.405832,0.413377,0.405292
686.000000,0.413203,0.409582,0.406229,0.411149,0.402786
687.000000,0.408552,0.409457,0.405975,0.408698,0.400975
688.000000,0.400613,0.406964,0.404561,0.406906,0.380501
689.000000,0.389387,0.402758,0.401741,0.404148,0.357382
690.000000,0.379749,0.397591,0.398907,0.401989,0.357103
691.000000,0.371365,0.392284,0.397180,0.399803,0.360864
692.000000,0.364596,0.386574,0.395515,0.397992,0.367131
693.000000,0.365125,0.382869,0.395007,0.397208,0.383148
694.000000,0.373510,0.381448,0.395439,0.397194,0.399304
695.000000,0.382228,0.380989,0.395244,0.397551,0.400696
696.000000,0.393036,0.382201,0.395891,0.398220,0.414903
697.000000,0.401281,0.382939,0.396198,0.398296,0.408357
698.000000,0.406852,0.385989,0.396476,0.398370,0.411003
699.000000,0.408942,0.391226,0.396992,0.398236,0.409749
700.000000,0.409861,0.396045,0.396818,0.397953,0.405292
701.000000,0.407939,0.400487,0.396386,0.398282,0.405292
702.000000,0.410891,0.406086,0.396330,0.399039,0.423120
703.000000,0.414791,0.410822,0.396845,0.400279,0.430501
704.000000,0.418552,0.413747,0.397597,0.401541,0.428552
705.000000,0.422758,0.416309,0.398649,0.402266,0.426323
706.000000,0.424318,0.416128,0.399164,0.402637,0.413092
707.000000,0.422451,0.416671,0.399805,0.403022,0.413788
708.000000,0.421699,0.418245,0.402117,0.403733,0.426741
709.000000,0.419192,0.418872,0.405049,0.404285,0.416017
710.000000,0.416462,0.419610,0.407827,0.404415,0.412674
711.000000,0.415432,0.419875,0.410181,0.404215,0.407939
712.000000,0.416630,0.419540,0.412813,0.404067,0.419777
713.000000,0.414568,0.418134,0.414478,0.403942,0.416435
714.000000,0.416072,0.417632,0.415689,0.404276,0.423538
715.000000,0.417744,0.417103,0.416706,0.404800,0.421031
716.000000,0.424986,0.420209,0.418169,0.406179,0.444150
717.000000,0.429331,0.422981,0.419826,0.407530,0.441504
718.000000,0.446574,0.430571,0.424408,0.411602,0.502646
719.000000,0.465097,0.440585,0.429728,0.416894,0.516156
720.000000,0.483872,0.450808,0.435209,0.422154,0.514903
721.000000,0.492507,0.458747,0.439311,0.426370,0.487326
722.000000,0.496128,0.462730,0.441135,0.429452,0.459610
723.000000,0.488273,0.467423,0.442779,0.432126,0.463370
724.000000,0.479749,0.472423,0.445028,0.434601,0.473538
725.000000,0.473426,0.478649,0.447876,0.437354,0.483287
726.000000,0.473454,0.482981,0.451595,0.439773,0.487465
727.000000,0.478050,0.487089,0.455035,0.442247,0.482591
728.000000,0.482423,0.485348,0.457960,0.444721,0.485237
729.000000,0.484568,0.482159,0.461372,0.447205,0.484262
730.000000,0.486184,0.479805,0.465306,0.450074,0.491365
731.000000,0.489499,0.481476,0.470111,0.453366,0.504039
732.000000,0.494875,0.486462,0.474596,0.456244,0.509471
733.000000,0.499749,0.491086,0.479255,0.458881,0.509610
734.000000,0.506713,0.495641,0.484032,0.461899,0.519081
735.000000,0.511226,0.498705,0.488677,0.464819,0.513928
736.000000,0.512786,0.501142,0.492061,0.468110,0.511838
737.000000,0.512396,0.503635,0.495362,0.471235,0.507521
738.000000,0.511532,0.505641,0.495494,0.473853,0.505292
739.000000,0.510557,0.508635,0.495397,0.477126,0.514206
740.000000,0.509833,0.510529,0.495167,0.480381,0.510306
741.000000,0.511755,0.512270,0.496873,0.484164,0.521448
742.000000,0.511337,0.511866,0.499164,0.487019,0.505432
743.000000,0.512535,0.512033,0.501560,0.490181,0.511281
744.000000,0.512145,0.511351,0.503496,0.493138,0.512256
745.000000,0.511922,0.510877,0.504791,0.496077,0.509192
746.000000,0.508496,0.510125,0.505634,0.498083,0.504318
747.000000,0.508162,0.509749,0.506692,0.500158,0.503760
748.000000,0.507688,0.510111,0.507876,0.500367,0.508914
749.000000,0.507326,0.509735,0.509185,0.500176,0.510446
750.000000,0.511643,0.511783,0.511156,0.500706,0.530780
751.000000,0.516017,0.512256,0.512263,0.502001,0.526184
752.000000,0.522813,0.515487,0.513677,0.504605,0.537744
753.000000,0.530557,0.519123,0.515578,0.507414,0.547632
754.000000,0.537131,0.522228,0.516790,0.509740,0.543315
755.000000,0.536295,0.523969,0.517423,0.511184,0.526602
756.000000,0.534290,0.525153,0.517639,0.512140,0.516156
757.000000,0.531170,0.526992,0.518370,0.513459,0.522145
758.000000,0.526212,0.528384,0.519248,0.514712,0.522841
759.000000,0.519916,0.528524,0.519130,0.515631,0.511838
760.000000,0.511448,0.523872,0.517827,0.515395,0.484262
761.000000,0.503510,0.518900,0.515578,0.514475,0.476462
762.000000,0.495181,0.513175,0.514331,0.513510,0.480501
763.000000,0.484123,0.505167,0.512145,0.512108,0.467549
764.000000,0.477521,0.498719,0.510474,0.510766,0.478830
765.000000,0.475153,0.493301,0.508635,0.509383,0.472423
766.000000,0.474513,0.489011,0.507082,0.508097,0.473259
767.000000,0.474290,0.484735,0.505864,0.507159,0.479387
768.000000,0.473983,0.479053,0.503719,0.505850,0.466017
769.000000,0.471114,0.474318,0.501421,0.504192,0.464485
770.000000,0.469415,0.472284,0.498078,0.502646,0.463928
771.000000,0.466685,0.470599,0.494749,0.500585,0.459610
772.000000,0.463008,0.468649,0.490912,0.499104,0.461003
773.000000,0.459136,0.466560,0.485864,0.496950,0.446657
774.000000,0.458663,0.464889,0.481804,0.495279,0.462117
775.000000,0.458384,0.463900,0.478600,0.493723,0.462535
776.000000,0.457604,0.462145,0.475578,0.492103,0.455710
777.000000,0.452340,0.457674,0.471205,0.489800,0.434680
778.000000,0.449499,0.454318,0.466685,0.487252,0.432451
779.000000,0.435543,0.447103,0.460710,0.483315,0.392340
780.000000,0.416045,0.437214,0.454749,0.477790,0.365042
781.000000,0.397326,0.427465,0.449032,0.472321,0.362117
782.000000,0.382423,0.417382,0.443015,0.466402,0.360167
783.000000,0.364680,0.407089,0.436825,0.459605,0.343733
784.000000,0.355766,0.395655,0.430272,0.453087,0.347772
785.000000,0.356490,0.386267,0.425084,0.447823,0.368663
786.000000,0.360696,0.379011,0.420578,0.443389,0.383148
787.000000,0.363844,0.373134,0.415404,0.438514,0.375905
788.000000,0.370474,0.367577,0.410947,0.433649,0.376880
789.000000,0.378189,0.366978,0.407040,0.429466,0.386351
790.000000,0.383287,0.369889,0.403552,0.426462,0.394150
791.000000,0.388162,0.374429,0.400947,0.424164,0.407521
792.000000,0.394930,0.379387,0.398384,0.421806,0.409749
793.000000,0.408357,0.389415,0.398252,0.421021,0.444011
794.000000,0.416435,0.397312,0.396483,0.419285,0.426741
795.000000,0.422869,0.403078,0.394673,0.417748,0.426323
796.000000,0.427577,0.407869,0.393440,0.416342,0.431058
797.000000,0.433816,0.414373,0.393753,0.415060,0.440947
798.000000,0.432925,0.420641,0.394109,0.414178,0.439554
799.000000,0.437242,0.426838,0.396908,0.413640,0.448329
800.000000,0.439164,0.431017,0.400453,0.412707,0.435933
801.000000,0.438635,0.433106,0.403767,0.411667,0.428412
802.000000,0.435850,0.434833,0.407110,0.410534,0.427019
803.000000,0.435292,0.434109,0.411762,0.410204,0.436769
804.000000,0.432897,0.435070,0.416191,0.409345,0.436351
805.000000,0.431504,0.435334,0.419206,0.408227,0.428969
806.000000,0.431616,0.435125,0.421497,0.407335,0.428969
807.000000,0.433482,0.434666,0.424519,0.407391,0.436351
808.000000,0.434178,0.434735,0.427688,0.407651,0.440251
809.000000,0.434652,0.433774,0.430306,0.409197,0.438719
810.000000,0.438886,0.435195,0.433106,0.412033,0.450139
811.000000,0.440752,0.436184,0.434645,0.414573,0.438301
812.000000,0.439749,0.436616,0.435724,0.416945,0.431337
813.000000,0.438607,0.436393,0.435251,0.419972,0.434540
814.000000,0.440474,0.437563,0.436316,0.423315,0.448050
815.000000,0.440139,0.439513,0.437423,0.425975,0.448468
816.000000,0.444847,0.442799,0.438962,0.428598,0.461838
817.000000,0.451950,0.445850,0.440258,0.431630,0.466852
818.000000,0.460613,0.449610,0.442173,0.434995,0.477855
819.000000,0.463036,0.451755,0.442765,0.437456,0.460167
820.000000,0.467549,0.453844,0.444519,0.440019,0.471031
821.000000,0.468357,0.456602,0.446393,0.441964,0.465877
822.000000,0.468217,0.460084,0.448350,0.443844,0.466156
823.000000,0.465627,0.463120,0.449756,0.444540,0.464903
824.000000,0.467019,0.465028,0.451295,0.445887,0.467131
825.000000,0.468635,0.468092,0.453802,0.447646,0.479109
826.000000,0.471114,0.469735,0.456267,0.449220,0.478273
827.000000,0.472758,0.470487,0.458169,0.450334,0.474373
828.000000,0.474708,0.470167,0.459889,0.451504,0.474652
829.000000,0.474903,0.470961,0.461358,0.452163,0.468106
830.000000,0.473008,0.470822,0.462333,0.453287,0.469638
831.000000,0.471448,0.471281,0.463942,0.454689,0.470474
832.000000,0.474234,0.473496,0.466790,0.456732,0.488301
833.000000,0.477214,0.475961,0.469540,0.458491,0.489554
834.000000,0.479610,0.477256,0.471142,0.459949,0.480084
835.000000,0.482340,0.477674,0.472883,0.461760,0.483287
836.000000,0.481448,0.476448,0.473092,0.462994,0.466017
837.000000,0.476546,0.475390,0.472939,0.463909,0.463788
838.000000,0.470390,0.473802,0.471985,0.464526,0.458774
839.000000,0.456546,0.468078,0.469519,0.463598,0.410864
840.000000,0.444150,0.463245,0.467033,0.462637,0.421309
841.000000,0.434513,0.457981,0.464631,0.461955,0.417827
842.000000,0.424680,0.450613,0.462054,0.461397,0.414624
843.000000,0.415822,0.443106,0.459533,0.460729,0.414485
844.000000,0.415961,0.436253,0.456755,0.459513,0.411560
845.000000,0.412117,0.428134,0.452904,0.457967,0.402089
846.000000,0.404624,0.419568,0.448008,0.455251,0.380362
847.000000,0.396602,0.410641,0.443015,0.452173,0.374513
848.000000,0.391755,0.403788,0.438795,0.449253,0.390251
849.000000,0.384930,0.400446,0.434262,0.446495,0.377437
850.000000,0.379721,0.395919,0.429582,0.443329,0.376045
851.000000,0.382256,0.393440,0.425710,0.440901,0.393036
852.000000,0.386908,0.391755,0.421184,0.438621,0.397772
853.000000,0.389889,0.390822,0.416964,0.436630,0.405153
854.000000,0.398969,0.391950,0.414102,0.435153,0.422841
855.000000,0.407549,0.393635,0.410884,0.433148,0.418942
856.000000,0.411114,0.396685,0.408127,0.430901,0.410864
857.000000,0.415738,0.401323,0.405982,0.429118,0.420891
858.000000,0.418329,0.404109,0.403948,0.427233,0.418106
859.000000,0.418858,0.408914,0.404680,0.425812,0.425487
860.000000,0.421978,0.414763,0.405341,0.424643,0.434540
861.000000,0.427660,0.419387,0.406414,0.423603,0.439276
862.000000,0.433231,0.424485,0.408120,0.422284,0.448747
863.000000,0.438942,0.428635,0.409728,0.420854,0.446657
864.000000,0.444596,0.431727,0.411838,0.419977,0.453760
865.000000,0.447103,0.434540,0.414088,0.418770,0.447075
866.000000,0.446184,0.436922,0.416804,0.417725,0.434680
867.000000,0.442145,0.437688,0.419506,0.416551,0.428552
868.000000,0.437019,0.437981,0.421045,0.415292,0.421031
869.000000,0.429220,0.436908,0.422911,0.415422,0.414763
870.000000,0.423315,0.435209,0.424986,0.415297,0.417549
871.000000,0.416880,0.431532,0.425460,0.414786,0.402507
872.000000,0.413816,0.427981,0.426233,0.414740,0.413231
873.000000,0.409554,0.423287,0.425961,0.414248,0.399721
874.000000,0.406435,0.417827,0.424777,0.413835,0.399164
875.000000,0.404958,0.414136,0.424338,0.414104,0.410167
876.000000,0.403955,0.410418,0.423670,0.414675,0.397493
877.000000,0.399916,0.406866,0.422277,0.415292,0.393036
878.000000,0.400724,0.405139,0.421560,0.415743,0.403760
879.000000,0.403649,0.405042,0.420975,0.416955,0.413788
880.000000,0.405850,0.405404,0.420306,0.418459,0.421170
881.000000,0.412646,0.408301,0.419916,0.419740,0.431476
882.000000,0.418886,0.409401,0.418691,0.420622,0.424234
883.000000,0.424011,0.412368,0.417827,0.421430,0.429387
884.000000,0.427994,0.415822,0.416825,0.421792,0.433705
885.000000,0.433203,0.419526,0.416831,0.422734,0.447214
886.000000,0.436351,0.424499,0.417458,0.423946,0.447214
887.000000,0.444011,0.431448,0.419157,0.425334,0.462535
888.000000,0.449526,0.436769,0.420954,0.426630,0.456964
889.000000,0.454290,0.441142,0.423092,0.427697,0.457521
890.000000,0.457354,0.445279,0.425341,0.428630,0.462535
891.000000,0.460585,0.448468,0.428384,0.429434,0.463370
892.000000,0.462368,0.453189,0.431295,0.430190,0.471448
893.000000,0.466908,0.458217,0.435292,0.431291,0.479666
894.000000,0.471114,0.462702,0.439262,0.432117,0.478552
895.000000,0.475515,0.466435,0.442981,0.433366,0.484540
896.000000,0.477716,0.469150,0.446825,0.434689,0.474373
897.000000,0.479972,0.471170,0.451309,0.436495,0.482730
898.000000,0.481337,0.474123,0.455446,0.438677,0.486490
899.000000,0.483148,0.477131,0.459136,0.441105,0.487604
900.000000,0.484819,0.480167,0.462723,0.443617,0.492897
901.000000,0.488496,0.483106,0.465787,0.446625,0.492758
902.000000,0.490279,0.485125,0.469157,0.449239,0.491643
903.000000,0.491727,0.486532,0.472375,0.452372,0.493733
904.000000,0.510752,0.496950,0.479826,0.458491,0.582730
905.000000,0.532396,0.508607,0.487521,0.464856,0.601114
906.000000,0.555070,0.521783,0.495467,0.471811,0.606128
907.000000,0.580000,0.535139,0.503155,0.479253,0.616295
908.000000,0.603398,0.547563,0.510843,0.486151,0.610724
909.000000,0.606240,0.558496,0.517813,0.492256,0.596936
910.000000,0.605766,0.569081,0.524624,0.498175,0.598747
911.000000,0.608496,0.581783,0.532444,0.504452,0.619777
912.000000,0.608552,0.594276,0.539701,0.510864,0.616574
913.000000,0.606323,0.604861,0.545696,0.516537,0.599582
914.000000,0.608774,0.607507,0.552228,0.522386,0.609192
915.000000,0.610167,0.607967,0.558287,0.527669,0.605710
916.000000,0.607688,0.608092,0.564937,0.533008,0.607382
917.000000,0.605125,0.606838,0.570989,0.537716,0.603760
918.000000,0.603426,0.604875,0.576219,0.542187,0.591086
919.000000,0.597465,0.603120,0.580808,0.546249,0.579387
920.000000,0.593148,0.601657,0.585369,0.550302,0.584123
921.000000,0.590446,0.599067,0.590425,0.554652,0.593872
922.000000,0.589109,0.597117,0.595696,0.558839,0.597075
923.000000,0.588802,0.596114,0.600487,0.562502,0.589554
924.000000,0.591198,0.594331,0.600919,0.566263,0.591365
925.000000,0.594485,0.593816,0.600891,0.570130,0.600557
926.000000,0.597967,0.594206,0.601149,0.574694,0.611281
927.000000,0.601253,0.595181,0.601010,0.579053,0.613510
928.000000,0.604875,0.596838,0.600857,0.583092,0.607660
929.000000,0.600919,0.596058,0.599589,0.585891,0.571588
930.000000,0.597409,0.595947,0.598802,0.588895,0.583008
931.000000,0.588496,0.593231,0.596149,0.591360,0.566713
932.000000,0.580669,0.590961,0.594039,0.594118,0.574373
933.000000,0.576602,0.590738,0.593426,0.597238,0.587326
934.000000,0.580613,0.590766,0.592549,0.597535,0.591643
935.000000,0.585042,0.591226,0.592521,0.597669,0.605153
936.000000,0.592089,0.590292,0.592249,0.597530,0.601950
937.000000,0.602228,0.591448,0.593315,0.597823,0.625070
938.000000,0.610306,0.593454,0.595146,0.598389,0.627716
939.000000,0.614345,0.597479,0.596769,0.598886,0.611838
940.000000,0.613816,0.599429,0.597688,0.599011,0.602507
941.000000,0.615348,0.603719,0.598475,0.598672,0.609610
942.000000,0.609610,0.605919,0.598440,0.597999,0.596379
943.000000,0.594178,0.602242,0.596490,0.596365,0.550557
944.000000,0.585850,0.600097,0.595432,0.595065,0.570195
945.000000,0.578774,0.596295,0.593760,0.593779,0.567131
946.000000,0.567326,0.591337,0.590815,0.591945,0.552368
947.000000,0.558301,0.583955,0.587702,0.590195,0.551253
948.000000,0.557994,0.576086,0.584770,0.588793,0.549025
949.000000,0.555000,0.570425,0.583952,0.587987,0.555223
950.000000,0.554889,0.566831,0.583130,0.587403,0.566574
951.000000,0.552465,0.559896,0.581807,0.585615,0.540251
952.000000,0.550543,0.554422,0.580171,0.583767,0.541643
953.000000,0.548398,0.553196,0.577719,0.582059,0.538301
954.000000,0.545097,0.550049,0.575073,0.580304,0.538719
955.000000,0.541351,0.548120,0.572208,0.578547,0.547841
956.000000,0.543942,0.548203,0.569770,0.576611,0.553203
957.000000,0.545613,0.548078,0.566017,0.574494,0.550000
958.000000,0.549875,0.549136,0.562611,0.572892,0.559610
959.000000,0.553774,0.549436,0.559930,0.572447,0.558217
960.000000,0.557465,0.549408,0.558120,0.571890,0.566295
961.000000,0.556602,0.550272,0.555084,0.571295,0.548886
962.000000,0.551978,0.548795,0.551609,0.569712,0.526880
963.000000,0.543315,0.546595,0.549896,0.567344,0.516295
964.000000,0.534763,0.544269,0.547159,0.564805,0.515460
965.000000,0.524903,0.541184,0.544652,0.561866,0.516992
966.000000,0.517214,0.536908,0.542556,0.558816,0.510446
967.000000,0.501170,0.526574,0.537326,0.552869,0.446657
968.000000,0.483510,0.513412,0.531274,0.546212,0.427994
969.000000,0.478552,0.506657,0.528047,0.542173,0.490669
970.000000,0.474903,0.499903,0.524655,0.538714,0.498747
971.000000,0.471365,0.494290,0.522281,0.534819,0.492758
972.000000,0.481142,0.491156,0.519976,0.531458,0.495543
973.000000,0.496407,0.489958,0.518276,0.529916,0.504318
974.000000,0.497214,0.487883,0.516076,0.527400,0.494708
975.000000,0.494095,0.484499,0.512841,0.524601,0.483148
976.000000,0.497604,0.484485,0.510696,0.523199,0.510306
977.000000,0.500362,0.490752,0.508663,0.521801,0.509331
978.000000,0.503259,0.499833,0.506623,0.520794,0.518802
979.000000,0.507911,0.502563,0.504610,0.519552,0.517967
980.000000,0.517103,0.505599,0.502751,0.518303,0.529109
981.000000,0.518440,0.508022,0.501156,0.517528,0.516992
982.000000,0.518691,0.509526,0.500341,0.516493,0.510585
983.000000,0.516462,0.509861,0.499909,0.515471,0.507660
984.000000,0.510947,0.509429,0.498656,0.513860,0.490390
985.000000,0.502368,0.509735,0.497117,0.511806,0.486212
986.000000,0.492702,0.505571,0.495028,0.508988,0.468663
987.000000,0.481866,0.500279,0.495515,0.505868,0.456407
988.000000,0.473148,0.494805,0.497319,0.502683,0.464067
989.000000,0.472897,0.491922,0.497242,0.500381,0.489136
990.000000,0.476100,0.489234,0.497416,0.498245,0.502228
991.000000,0.483482,0.488092,0.498057,0.496801,0.505571
992.000000,0.496741,0.489304,0.499415,0.496662,0.522702
993.000000,0.508691,0.490919,0.500390,0.496913,0.523816
994.000000,0.515961,0.494429,0.501929,0.497247,0.525487
995.000000,0.519889,0.497994,0.503865,0.497409,0.521866
996.000000,0.523259,0.503370,0.504471,0.497809,0.522423
997.000000,0.523370,0.510056,0.505167,0.500362,0.523259
998.000000,0.523370,0.516031,0.505418,0.503556,0.523816
999.000000,0.525738,0.520850,0.506386,0.505111,0.537326
1000.000000,0.527159,0.523524,0.506379,0.506119,0.528969
1001.000000,0.527354,0.525306,0.506699,0.507140,0.523398
1002.000000,0.526769,0.525070,0.507187,0.507967,0.520334
1003.000000,0.526964,0.525167,0.508043,0.508649,0.524791
1004.000000,0.525181,0.525460,0.509944,0.509773,0.528412
1005.000000,0.523983,0.525571,0.511783,0.511100,0.522981
1006.000000,0.523955,0.525655,0.514513,0.511532,0.523259
1007.000000,0.524847,0.525808,0.517932,0.512047,0.524791
1008.000000,0.523928,0.525446,0.520738,0.512094,0.520195
1009.000000,0.522981,0.524081,0.522465,0.512284,0.523677
1010.000000,0.521393,0.522688,0.523106,0.511815,0.515042
1011.000000,0.522312,0.523134,0.524220,0.512177,0.527855
1012.000000,0.524011,0.524429,0.524749,0.512934,0.533287
1013.000000,0.534735,0.529331,0.527249,0.515139,0.573816
1014.000000,0.543343,0.533162,0.529311,0.517683,0.566713
1015.000000,0.552117,0.536755,0.531163,0.520107,0.558914
1016.000000,0.567855,0.545084,0.535369,0.524703,0.606546
1017.000000,0.582368,0.553189,0.539499,0.529684,0.605850
1018.000000,0.589081,0.561908,0.543677,0.534461,0.607382
1019.000000,0.595655,0.569499,0.546790,0.538143,0.599582
1020.000000,0.601170,0.576643,0.549666,0.540952,0.586490
1021.000000,0.595209,0.581532,0.552333,0.543324,0.576741
1022.000000,0.589415,0.585891,0.555160,0.545130,0.576880
1023.000000,0.584485,0.586783,0.558057,0.547094,0.582730
1024.000000,0.579582,0.587618,0.560390,0.548747,0.575070
1025.000000,0.578273,0.589721,0.563238,0.550682,0.579944
1026.000000,0.578496,0.586852,0.565968,0.552530,0.577855
1027.000000,0.578997,0.584206,0.568698,0.554401,0.579387
1028.000000,0.578858,0.581671,0.571790,0.556342,0.582033
1029.000000,0.581142,0.580362,0.574930,0.557981,0.586490
1030.000000,0.584262,0.581267,0.578955,0.560200,0.595543
1031.000000,0.586518,0.582507,0.582019,0.562391,0.589136
1032.000000,0.590501,0.584749,0.585320,0.565023,0.599304
1033.000000,0.591727,0.585292,0.586038,0.567136,0.588162
1034.000000,0.592256,0.586699,0.587159,0.569160,0.589136
1035.000000,0.591058,0.587660,0.588691,0.571379,0.589554
1036.000000,0.590028,0.588273,0.587563,0.573403,0.583983
1037.000000,0.588914,0.589708,0.586957,0.575701,0.593733
1038.000000,0.592173,0.591950,0.586811,0.578510,0.604457
1039.000000,0.595292,0.593774,0.587068,0.581212,0.604735
1040.000000,0.603649,0.597354,0.589311,0.585088,0.631337
1041.000000,0.614986,0.602507,0.592507,0.588849,0.640669
1042.000000,0.624986,0.606950,0.595850,0.592530,0.643733
1043.000000,0.630891,0.611532,0.598412,0.594536,0.633983
1044.000000,0.637967,0.616630,0.601664,0.596982,0.640111
1045.000000,0.640306,0.621978,0.604819,0.599786,0.643036
1046.000000,0.633510,0.624248,0.606260,0.599791,0.606685
1047.000000,0.633203,0.629095,0.609401,0.601003,0.642201
1048.000000,0.637939,0.634415,0.613182,0.602679,0.657660
1049.000000,0.638886,0.638426,0.616100,0.604188,0.644847
1050.000000,0.631922,0.636114,0.616734,0.604912,0.608217
1051.000000,0.635125,0.634318,0.618412,0.606444,0.622702
1052.000000,0.632953,0.633078,0.620014,0.608259,0.631337
1053.000000,0.626267,0.632103,0.621818,0.609643,0.624234
1054.000000,0.622396,0.630641,0.623635,0.611323,0.625487
1055.000000,0.626407,0.629164,0.625571,0.612934,0.628273
1056.000000,0.626462,0.630794,0.627521,0.614438,0.622981
1057.000000,0.625097,0.629025,0.629060,0.615942,0.624513
1058.000000,0.623538,0.624903,0.629659,0.617089,0.616435
1059.000000,0.622591,0.622493,0.630460,0.618231,0.620752
1060.000000,0.620139,0.623273,0.629694,0.618914,0.616017
1061.000000,0.613760,0.620111,0.627214,0.618979,0.591086
1062.000000,0.606462,0.615780,0.624429,0.618603,0.588022
1063.000000,0.600306,0.611922,0.622013,0.618519,0.585655
1064.000000,0.595599,0.609095,0.619868,0.618788,0.597214
1065.000000,0.590362,0.605251,0.617208,0.618798,0.589833
1066.000000,0.590334,0.602047,0.616421,0.619030,0.590947
1067.000000,0.591588,0.599025,0.614025,0.619048,0.594290
1068.000000,0.593259,0.596783,0.610843,0.618700,0.594011
1069.000000,0.593844,0.594721,0.608607,0.618547,0.600139
1070.000000,0.595404,0.592883,0.608078,0.617423,0.597632
1071.000000,0.595097,0.592716,0.606414,0.615715,0.589415
1072.000000,0.593175,0.592382,0.604081,0.613747,0.584680
1073.000000,0.592730,0.592994,0.602458,0.612340,0.591783
1074.000000,0.591783,0.592813,0.600954,0.610850,0.595404
1075.000000,0.589638,0.592521,0.598886,0.608979,0.586908
1076.000000,0.589582,0.592340,0.597194,0.608394,0.589136
1077.000000,0.588635,0.590905,0.594965,0.606318,0.579944
1078.000000,0.585515,0.589123,0.592953,0.603603,0.576184
1079.000000,0.581838,0.586811,0.590766,0.601342,0.577019
1080.000000,0.578468,0.584053,0.588468,0.600070,0.570056
1081.000000,0.575710,0.582646,0.587681,0.598491,0.575348
1082.000000,0.576156,0.582396,0.587389,0.596852,0.582173
1083.000000,0.576518,0.581017,0.587006,0.595311,0.577994
1084.000000,0.579109,0.580474,0.586643,0.594127,0.589972
1085.000000,0.584958,0.581713,0.587117,0.593162,0.599304
1086.000000,0.592061,0.583886,0.588113,0.592758,0.610864
1087.000000,0.598830,0.587493,0.589199,0.592474,0.616017
1088.000000,0.604150,0.590334,0.589728,0.592080,0.604596
1089.000000,0.608189,0.593649,0.590230,0.591727,0.610167
1090.000000,0.609721,0.597340,0.590696,0.591425,0.606964
1091.000000,0.602674,0.597368,0.590007,0.590910,0.575627
1092.000000,0.593816,0.596323,0.589359,0.590367,0.571727
1093.000000,0.590167,0.597159,0.589088,0.590390,0.586351
1094.000000,0.583370,0.595780,0.588127,0.589689,0.576184
1095.000000,0.572479,0.591100,0.586407,0.588445,0.552507
1096.000000,0.566267,0.584471,0.584178,0.586899,0.544568
1097.000000,0.560864,0.577340,0.582416,0.585246,0.544708
1098.000000,0.555487,0.572827,0.581581,0.584095,0.559471
1099.000000,0.554345,0.568858,0.581253,0.583106,0.570474
1100.000000,0.557744,0.565111,0.581226,0.582168,0.569499
1101.000000,0.561922,0.564095,0.580731,0.581370,0.565460
1102.000000,0.567716,0.564290,0.580306,0.581003,0.573677
1103.000000,0.572813,0.564150,0.580655,0.580775,0.584958
1104.000000,0.576797,0.565571,0.580675,0.580608,0.590390
1105.000000,0.579972,0.568858,0.579979,0.580557,0.585376
1106.000000,0.584903,0.573412,0.578942,0.580590,0.590111
1107.000000,0.589109,0.578412,0.577876,0.581082,0.594708
1108.000000,0.591393,0.582103,0.577465,0.581755,0.596379
1109.000000,0.589916,0.583357,0.576107,0.581955,0.583008
1110.000000,0.589749,0.584861,0.574986,0.582437,0.584540
1111.000000,0.589638,0.587270,0.575682,0.582911,0.589554
1112.000000,0.592228,0.590669,0.577479,0.583760,0.607660
1113.000000,0.592173,0.591783,0.577967,0.584364,0.596100
1114.000000,0.593955,0.591936,0.578753,0.584429,0.591922
1115.000000,0.595348,0.592549,0.580703,0.584169,0.591504
1116.000000,0.594596,0.592117,0.582765,0.583333,0.585794
1117.000000,0.588412,0.590320,0.584366,0.582024,0.576741
1118.000000,0.591309,0.591741,0.586922,0.582224,0.610585
1119.000000,0.596156,0.595056,0.589206,0.582423,0.616156
1120.000000,0.606518,0.600933,0.592897,0.583635,0.643315
1121.000000,0.619638,0.607117,0.597194,0.586161,0.651393
1122.000000,0.634568,0.611490,0.601079,0.588816,0.651393
1123.000000,0.647382,0.619345,0.605564,0.591760,0.674652
1124.000000,0.657688,0.626922,0.609429,0.594810,0.667688
1125.000000,0.662451,0.634485,0.613517,0.598630,0.667131
1126.000000,0.668106,0.643872,0.617994,0.603134,0.679666
1127.000000,0.675376,0.654972,0.622646,0.607902,0.687744
1128.000000,0.680334,0.663858,0.627799,0.612567,0.699443
1129.000000,0.683287,0.670487,0.632772,0.616300,0.682451
1130.000000,0.690306,0.676379,0.638656,0.620724,0.702228
1131.000000,0.694178,0.681142,0.644130,0.625176,0.699025
1132.000000,0.699554,0.687465,0.649478,0.629875,0.714624
1133.000000,0.702145,0.691240,0.655292,0.634123,0.712396
1134.000000,0.710696,0.696992,0.661957,0.638617,0.725209
1135.000000,0.712396,0.701351,0.667918,0.642795,0.710724
1136.000000,0.716128,0.705153,0.674513,0.647047,0.717688
1137.000000,0.715097,0.707326,0.681149,0.650873,0.709471
1138.000000,0.715070,0.708607,0.686233,0.654735,0.712256
1139.000000,0.710613,0.710655,0.690571,0.658733,0.702925
1140.000000,0.706657,0.709526,0.692953,0.662279,0.690947
1141.000000,0.704429,0.710279,0.695710,0.666179,0.706546
1142.000000,0.700390,0.707744,0.697604,0.668900,0.689276
1143.000000,0.696100,0.705585,0.698412,0.672057,0.690808
1144.000000,0.694234,0.702423,0.699708,0.675446,0.693593
1145.000000,0.696435,0.701546,0.701448,0.679127,0.701950
1146.000000,0.698384,0.701407,0.703280,0.683477,0.716295
1147.000000,0.707493,0.703942,0.705634,0.688747,0.734819
1148.000000,0.718412,0.707256,0.707932,0.693240,0.745404
1149.000000,0.727994,0.711114,0.710884,0.697419,0.741504
1150.000000,0.733175,0.714805,0.712166,0.700237,0.727855
1151.000000,0.732841,0.715613,0.712946,0.702344,0.714624
1152.000000,0.726017,0.716755,0.712249,0.703988,0.700696
1153.000000,0.715320,0.716866,0.711226,0.704564,0.691922
1154.000000,0.707298,0.717646,0.710035,0.705687,0.701393
1155.000000,0.701253,0.717214,0.709380,0.706704,0.697632
1156.000000,0.707772,0.720306,0.710857,0.708955,0.747214
1157.000000,0.717716,0.721866,0.712904,0.711045,0.750418
1158.000000,0.731727,0.723524,0.715390,0.713129,0.761978
1159.000000,0.741309,0.724304,0.717709,0.715357,0.749304
1160.000000,0.748106,0.724680,0.719742,0.716337,0.731616
1161.000000,0.743287,0.725529,0.720571,0.717140,0.723120
1162.000000,0.743816,0.730766,0.723760,0.718422,0.753064
1163.000000,0.742563,0.737145,0.727006,0.719865,0.755710
1164.000000,0.745877,0.743593,0.730620,0.721221,0.765877
1165.000000,0.751588,0.749847,0.733531,0.722869,0.760167
1166.000000,0.759666,0.751476,0.735891,0.724396,0.763510
1167.000000,0.764443,0.754130,0.737998,0.726646,0.776950
1168.000000,0.773412,0.757987,0.740756,0.729589,0.800557
1169.000000,0.780822,0.763350,0.743827,0.732922,0.802925
1170.000000,0.789958,0.770773,0.747726,0.736753,0.805850
1171.000000,0.796532,0.778099,0.751814,0.739747,0.796379
1172.000000,0.801894,0.783169,0.756967,0.743563,0.803760
1173.000000,0.802284,0.787848,0.762497,0.747286,0.802507
1174.000000,0.801198,0.791010,0.767302,0.750750,0.797493
1175.000000,0.801755,0.795857,0.772852,0.754306,0.808635
1176.000000,0.804513,0.800522,0.775999,0.757435,0.810167
1177.000000,0.805181,0.803538,0.778834,0.759844,0.807103
1178.000000,0.807939,0.805111,0.781549,0.762208,0.816295
1179.000000,0.809916,0.805557,0.784453,0.764403,0.807382
1180.000000,0.811643,0.806699,0.788736,0.767384,0.817270
1181.000000,0.812061,0.808287,0.793193,0.770638,0.812256
1182.000000,0.814011,0.809596,0.796382,0.774510,0.816852
1183.000000,0.814568,0.811253,0.799551,0.778749,0.819081
1184.000000,0.817883,0.813900,0.802455,0.782834,0.823955
1185.000000,0.820056,0.815850,0.805853,0.787184,0.828134
1186.000000,0.821142,0.816602,0.808562,0.789533,0.817688
1187.000000,0.819944,0.816978,0.810258,0.791548,0.810864
1188.000000,0.817214,0.815891,0.810501,0.792997,0.805432
1189.000000,0.811643,0.814763,0.810160,0.794557,0.796100
1190.000000,0.805989,0.813022,0.809861,0.796831,0.799861
1191.000000,0.801226,0.811184,0.809735,0.799190,0.793872
1192.000000,0.796713,0.808329,0.808962,0.800364,0.788301
1193.000000,0.796462,0.806838,0.809046,0.801980,0.804178
1194.000000,0.792256,0.801950,0.807925,0.802286,0.775070
1195.000000,0.785710,0.795850,0.805850,0.802519,0.767131
1196.000000,0.782006,0.791616,0.804109,0.802913,0.775348
1197.000000,0.779638,0.788175,0.802577,0.802897,0.776462
1198.000000,0.775070,0.785766,0.800829,0.802256,0.781337
1199.000000,0.784652,0.788454,0.801609,0.802925,0.822981
1200.000000,0.795097,0.790404,0.801713,0.803375,0.819359
1201.000000,0.804429,0.793217,0.802201,0.804229,0.822006
1202.000000,0.815070,0.797354,0.802841,0.805093,0.829666
1203.000000,0.826908,0.800989,0.803914,0.806360,0.840529
1204.000000,0.831922,0.808287,0.805118,0.808045,0.848050
1205.000000,0.837772,0.816435,0.806142,0.809378,0.848607
1206.000000,0.841866,0.823148,0.807382,0.810455,0.842479
1207.000000,0.847772,0.831421,0.809798,0.812191,0.859192
1208.000000,0.854011,0.840460,0.813113,0.814039,0.871727
1209.000000,0.857019,0.844471,0.816462,0.815896,0.863092
1210.000000,0.858830,0.848301,0.819352,0.817242,0.857660
1211.000000,0.860306,0.851086,0.822152,0.818496,0.849861
1212.000000,0.854624,0.851198,0.824276,0.818960,0.830780
1213.000000,0.841811,0.847911,0.824450,0.818579,0.807660
1214.000000,0.832145,0.844582,0.826435,0.818273,0.814763
1215.000000,0.820947,0.839889,0.828162,0.817391,0.801671
1216.000000,0.813482,0.836894,0.830021,0.817219,0.812535
1217.000000,0.811142,0.832883,0.832152,0.817493,0.819081
1218.000000,0.812340,0.827075,0.833767,0.817767,0.813649
1219.000000,0.811365,0.821755,0.833113,0.818227,0.809889
1220.000000,0.844485,0.832716,0.840508,0.823807,0.967270
1221.000000,0.876574,0.845028,0.848057,0.829777,0.972981
1222.000000,0.912423,0.861783,0.856490,0.836778,0.998329
1223.000000,0.937967,0.875153,0.861532,0.841351,0.941365
1224.000000,0.964290,0.887827,0.866205,0.846899,0.941504
1225.000000,0.959638,0.902061,0.870975,0.852795,0.944011
1226.000000,0.955181,0.915877,0.876386,0.858640,0.950696
1227.000000,0.943315,0.927869,0.880376,0.864058,0.938997
1228.000000,0.944067,0.941017,0.884046,0.869517,0.945125
1229.000000,0.947967,0.956128,0.888942,0.874118,0.961003
1230.000000,0.955933,0.957786,0.895251,0.879601,0.983844
1231.000000,0.965794,0.960487,0.902758,0.885534,1.000000
1232.000000,0.975627,0.959471,0.910627,0.890817,0.988162
1233.000000,0.981588,0.962827,0.918990,0.895297,0.974930
1234.000000,0.984540,0.966253,0.927040,0.899554,0.975766
1235.000000,0.985794,0.970864,0.936462,0.904271,0.990111
1236.000000,0.984568,0.975181,0.945529,0.909318,0.993872
1237.000000,0.985097,0.980362,0.954116,0.913705,0.990808
1238.000000,0.989916,0.985752,0.963384,0.917948,0.999025
1239.000000,0.991643,0.988092,0.972110,0.921992,0.984401
1240.000000,0.987632,0.986713,0.972249,0.925738,0.970056
1241.000000,0.982423,0.983496,0.971992,0.929670,0.967827
1242.000000,0.975877,0.980487,0.969979,0.933914,0.958078
1243.000000,0.967521,0.978719,0.970773,0.938900,0.957242
1244.000000,0.964958,0.978301,0.972277,0.944127,0.971588
1245.000000,0.967270,0.977451,0.974157,0.950125,0.981616
